100_0154_0001.JPG,650428.423358,431642.265479,212.006223
100_0154_0002.JPG,650428.027532,431636.876179,211.966924
100_0154_0003.JPG,650426.206038,431622.763207,211.942556
100_0154_0004.JPG,650423.392227,431600.557505,211.890037
100_0154_0005.JPG,650420.964841,431576.561174,211.869020
100_0154_0006.JPG,650418.208127,431552.958381,211.897407
100_0154_0007.JPG,650415.438006,431528.873557,211.898947
100_0154_0008.JPG,650412.786902,431505.023989,211.898237
100_0154_0009.JPG,650409.940700,431480.999420,211.911281
100_0154_0010.JPG,650407.146295,431457.164575,211.913164
100_0154_0011.JPG,650404.277900,431433.081274,211.939572
100_0154_0012.JPG,650401.592784,431409.462299,211.896465
100_0154_0013.JPG,650398.730001,431385.225845,211.908882
100_0154_0014.JPG,650395.937045,431361.484333,211.896093
100_0154_0015.JPG,650393.168800,431337.429407,211.925357
100_0154_0016.JPG,650390.380108,431313.731085,211.922598
100_0154_0017.JPG,650387.619157,431289.683556,211.953490
100_0154_0018.JPG,650384.885783,431265.973271,211.951633
100_0154_0019.JPG,650382.196656,431241.866121,211.896955
100_0154_0020.JPG,650379.297649,431217.860345,211.969786
100_0154_0021.JPG,650376.651779,431194.114422,211.952948
100_0154_0022.JPG,650373.874143,431170.091589,211.965021
100_0154_0023.JPG,650370.989467,431146.721700,211.874665
100_0154_0024.JPG,650368.215681,431122.304232,211.964732
100_0154_0025.JPG,650365.437664,431098.666071,211.890777
100_0154_0026.JPG,650362.585233,431075.007749,211.818247
100_0154_0027.JPG,650359.824171,431051.204190,211.903092
100_0154_0028.JPG,650356.973988,431027.211685,211.927053
100_0154_0029.JPG,650354.145774,431003.537651,211.865035
100_0154_0030.JPG,650351.331536,430979.456565,211.844160
100_0154_0031.JPG,650348.554619,430955.610209,211.879297
100_0154_0032.JPG,650345.800438,430931.730378,211.909454
100_0154_0033.JPG,650343.008421,430907.677289,211.854680
100_0154_0034.JPG,650340.244196,430883.874196,211.853140
100_0154_0035.JPG,650337.446548,430859.817793,211.801003
100_0154_0036.JPG,650334.645511,430836.042366,211.923244
100_0154_0037.JPG,650331.769686,430812.068940,211.906253
100_0154_0038.JPG,650329.061770,430788.376684,211.905583
100_0154_0039.JPG,650326.176770,430764.536984,211.892681
100_0154_0040.JPG,650323.410507,430740.636585,211.905033
100_0154_0041.JPG,650320.535085,430716.583686,211.877635
100_0154_0042.JPG,650317.924426,430692.704766,211.871839
100_0154_0043.JPG,650315.181741,430668.732927,211.871371
100_0154_0044.JPG,650312.426785,430644.789202,211.973394
100_0154_0045.JPG,650309.385371,430621.140740,211.825897
100_0154_0046.JPG,650306.634677,430597.681940,211.831864
100_0154_0047.JPG,650303.966110,430573.211809,211.919862
100_0154_0048.JPG,650301.286486,430549.317864,211.924300
100_0154_0049.JPG,650298.544191,430525.506116,211.936254
100_0154_0050.JPG,650295.638680,430501.788572,211.863069
100_0154_0051.JPG,650292.716782,430477.718768,211.907751
100_0154_0052.JPG,650290.158860,430457.682359,211.877946
100_0154_0053.JPG,650291.117324,430449.779026,211.835823
100_0154_0054.JPG,650305.922623,430449.408140,211.757279
100_0154_0055.JPG,650324.667074,430445.967288,212.074958
100_0154_0056.JPG,650327.330421,430452.353709,211.845257
100_0154_0057.JPG,650329.812360,430472.066892,211.797649
100_0154_0058.JPG,650332.577284,430495.814533,211.902195
100_0154_0059.JPG,650335.325587,430519.546269,211.879021
100_0154_0060.JPG,650338.096538,430543.664584,211.835511
100_0154_0061.JPG,650340.882007,430567.298115,211.890486
100_0154_0062.JPG,650343.683485,430591.495065,211.898599
100_0154_0063.JPG,650346.411156,430615.363104,211.920506
100_0154_0064.JPG,650349.231687,430639.180284,211.924119
100_0154_0065.JPG,650352.092473,430663.220150,211.899057
100_0154_0066.JPG,650354.857590,430687.131077,211.897175
100_0154_0067.JPG,650357.545795,430710.876882,211.816800
100_0154_0068.JPG,650360.359382,430734.768589,211.850521
100_0154_0069.JPG,650363.214443,430758.854062,211.905510
100_0154_0070.JPG,650365.973975,430782.609277,211.901896
100_0154_0071.JPG,650368.722688,430806.489908,211.866774
100_0154_0072.JPG,650371.556895,430830.547762,211.871870
100_0154_0073.JPG,650374.377188,430854.226195,211.875204
100_0154_0074.JPG,650377.230182,430878.229072,211.874272
100_0154_0075.JPG,650379.993744,430902.028084,211.883117
100_0154_0076.JPG,650382.799050,430926.084415,211.900320
100_0154_0077.JPG,650385.535620,430949.727427,211.914468
100_0154_0078.JPG,650388.352963,430973.863335,211.914869
100_0154_0079.JPG,650391.120779,430997.638164,211.881553
100_0154_0080.JPG,650393.877283,431021.685895,211.882521
100_0154_0081.JPG,650396.690269,431045.444920,211.882744
100_0154_0082.JPG,650399.490052,431069.341815,211.900662
100_0154_0083.JPG,650402.317670,431093.223925,211.892902
100_0154_0084.JPG,650405.098160,431117.052274,211.904416
100_0154_0085.JPG,650407.906909,431141.144428,211.912473
100_0154_0086.JPG,650410.622011,431164.749583,211.902967
100_0154_0087.JPG,650413.446656,431188.883200,211.939554
100_0154_0088.JPG,650416.199996,431212.640695,211.934813
100_0154_0089.JPG,650419.052371,431236.688833,211.936149
100_0154_0090.JPG,650421.845906,431260.527090,211.934962
100_0154_0091.JPG,650424.682840,431284.390957,211.924000
100_0154_0092.JPG,650427.386387,431308.317810,211.899705
100_0154_0093.JPG,650430.085485,431332.201579,211.862427
100_0154_0094.JPG,650432.897342,431356.045753,211.940297
100_0154_0095.JPG,650435.655892,431379.852719,211.914219
100_0154_0096.JPG,650438.443318,431403.671466,211.892795
100_0154_0097.JPG,650441.086833,431427.548690,211.859330
100_0154_0098.JPG,650443.941054,431451.814401,211.886885
100_0154_0099.JPG,650446.774530,431475.567521,211.913318
100_0154_0100.JPG,650449.638950,431499.546104,211.880946
100_0154_0101.JPG,650452.437544,431523.228954,211.872968
100_0154_0102.JPG,650455.241463,431547.326471,211.902713
100_0154_0103.JPG,650458.067111,431571.194479,211.934719
100_0154_0104.JPG,650460.897939,431594.989184,211.969476
100_0154_0105.JPG,650463.618301,431618.690088,211.939065
100_0154_0106.JPG,650466.259715,431637.230916,211.944807
100_0154_0107.JPG,650472.038002,431637.187403,211.881529
100_0154_0108.JPG,650491.115057,431636.170839,211.987777
100_0154_0109.JPG,650503.176463,431632.508170,212.029390
100_0154_0110.JPG,650501.620203,431620.727439,211.778400
100_0154_0111.JPG,650498.638089,431601.268516,211.824570
100_0154_0112.JPG,650496.432637,431577.063258,211.860261
100_0154_0113.JPG,650493.710604,431553.199165,211.870913
100_0154_0114.JPG,650490.902690,431529.021769,211.888862
100_0154_0115.JPG,650488.161090,431505.208054,211.857131
100_0154_0116.JPG,650485.338535,431481.498533,211.860305
100_0154_0117.JPG,650482.501298,431457.543409,211.918638
100_0154_0118.JPG,650479.720339,431433.662728,211.919515
100_0154_0119.JPG,650476.860142,431409.769330,211.919099
100_0154_0120.JPG,650474.065306,431385.671337,211.922248
100_0154_0121.JPG,650471.334890,431361.907054,211.923210
100_0154_0122.JPG,650468.592794,431337.845166,211.944484
100_0154_0123.JPG,650465.733363,431313.938423,211.920772
100_0154_0124.JPG,650462.992015,431290.074275,211.933662
100_0154_0125.JPG,650460.217782,431266.078039,211.919812
100_0154_0126.JPG,650457.348353,431242.412069,211.870642
100_0154_0127.JPG,650454.582540,431218.772829,211.864701
100_0154_0128.JPG,650451.776376,431194.649446,211.937516
100_0154_0129.JPG,650449.157552,431170.670003,211.901047
100_0154_0130.JPG,650446.547796,431146.818120,211.977695
100_0154_0131.JPG,650443.786865,431122.761319,211.966279
100_0154_0132.JPG,650440.818645,431098.604259,211.957524
100_0154_0133.JPG,650437.914046,431074.951096,211.903746
100_0154_0134.JPG,650435.014012,431051.361371,211.905340
100_0154_0135.JPG,650432.222342,431027.517799,211.842536
100_0154_0136.JPG,650429.466384,431003.724923,211.880468
100_0154_0137.JPG,650426.677751,430979.899840,211.886344
100_0154_0138.JPG,650423.851357,430955.965959,211.902396
100_0154_0139.JPG,650421.136623,430931.944192,211.942485
100_0154_0140.JPG,650418.462526,430907.982487,211.880689
100_0154_0141.JPG,650415.678788,430884.347427,211.923935
100_0154_0142.JPG,650412.754781,430860.219572,211.925028
100_0154_0143.JPG,650409.965723,430836.426793,211.917699
100_0154_0144.JPG,650407.085560,430812.325747,211.907681
100_0154_0145.JPG,650404.321049,430788.680460,211.858176
100_0154_0146.JPG,650401.580103,430764.661920,211.870825
100_0154_0147.JPG,650398.863017,430740.788252,211.885319
100_0154_0148.JPG,650395.997838,430716.870155,211.887428
100_0154_0149.JPG,650393.194836,430692.929237,211.883230
100_0154_0150.JPG,650390.428516,430669.227347,211.886610
100_0154_0151.JPG,650387.589385,430645.221142,211.899853
100_0154_0152.JPG,650384.836369,430621.340522,211.877094
100_0154_0153.JPG,650382.106178,430597.620599,211.862687
100_0154_0154.JPG,650379.354714,430573.339139,211.885285
100_0154_0155.JPG,650376.533720,430549.646850,211.881741
100_0154_0156.JPG,650373.766533,430525.749445,211.892104
100_0154_0157.JPG,650370.995245,430501.644785,211.885572
100_0154_0158.JPG,650368.113180,430477.735459,211.914512
100_0154_0159.JPG,650365.473381,430456.276957,211.880270
100_0154_0160.JPG,650363.683558,430441.041886,211.912506
100_0162_0001.JPG,650567.764842,432833.282648,212.032828
100_0162_0002.JPG,650565.651986,432822.253016,211.976996
100_0162_0003.JPG,650563.889407,432801.439823,211.967005
100_0162_0004.JPG,650561.154363,432776.778190,211.917061
100_0162_0005.JPG,650558.307510,432752.470200,211.921383
100_0162_0006.JPG,650555.402843,432727.973556,211.951994
100_0162_0007.JPG,650552.526007,432703.381776,211.941250
100_0162_0008.JPG,650549.740613,432679.081594,211.883533
100_0162_0009.JPG,650546.961137,432654.756269,211.914896
100_0162_0010.JPG,650544.028782,432630.079011,211.936260
100_0162_0011.JPG,650541.232057,432605.692688,211.943331
100_0162_0012.JPG,650538.442462,432581.203924,211.943473
100_0162_0013.JPG,650535.517714,432556.631776,211.959605
100_0162_0014.JPG,650532.600935,432532.360712,211.948726
100_0162_0015.JPG,650529.835849,432507.962854,211.947428
100_0162_0016.JPG,650526.985435,432483.222501,211.935700
100_0162_0017.JPG,650524.083019,432458.849660,211.931834
100_0162_0018.JPG,650521.101540,432434.279186,211.936375
100_0162_0019.JPG,650518.368033,432409.858864,211.984166
100_0162_0020.JPG,650515.501167,432385.241382,212.009382
100_0162_0021.JPG,650512.611821,432360.976307,211.986056
100_0162_0022.JPG,650509.786917,432336.436136,211.991652
100_0162_0023.JPG,650506.909755,432312.294777,211.963810
100_0162_0024.JPG,650504.034972,432287.770480,211.944996
100_0162_0025.JPG,650501.240834,432263.196604,211.944457
100_0162_0026.JPG,650498.449488,432238.699412,211.941152
100_0162_0027.JPG,650495.711098,432214.002908,211.928334
100_0162_0028.JPG,650492.769504,432189.899182,211.918505
100_0162_0029.JPG,650489.946629,432165.214492,211.926686
100_0162_0030.JPG,650487.088448,432140.891666,211.911624
100_0162_0031.JPG,650484.285817,432116.499856,211.916901
100_0162_0032.JPG,650481.398335,432091.713032,211.934441
100_0162_0033.JPG,650478.527037,432067.377012,211.918542
100_0162_0034.JPG,650475.779720,432042.931424,211.939456
100_0162_0035.JPG,650472.954956,432018.244235,212.076253
100_0162_0036.JPG,650470.025670,431993.577441,212.007422
100_0162_0037.JPG,650467.033164,431969.537818,211.879465
100_0162_0038.JPG,650464.183430,431944.889882,211.885426
100_0162_0039.JPG,650461.255436,431920.535188,211.914862
100_0162_0040.JPG,650458.518147,431896.039320,211.930906
100_0162_0041.JPG,650455.680255,431871.476839,211.913702
100_0162_0042.JPG,650452.705299,431847.101479,211.864101
100_0162_0043.JPG,650449.939869,431822.824686,211.907156
100_0162_0044.JPG,650447.048270,431798.494828,211.921909
100_0162_0045.JPG,650444.196060,431774.177951,211.905287
100_0162_0046.JPG,650441.216563,431749.824857,211.902244
100_0162_0047.JPG,650438.398579,431725.353893,211.963719
100_0162_0048.JPG,650435.546446,431700.927996,211.915973
100_0162_0049.JPG,650432.576224,431676.486701,211.894413
100_0162_0050.JPG,650429.854987,431651.959010,211.899149
100_0162_0051.JPG,650430.202229,431641.515091,211.843285
100_0162_0052.JPG,650446.075195,431640.878842,211.787788
100_0162_0053.JPG,650465.095070,431637.585945,212.137943
100_0162_0054.JPG,650467.061137,431647.396928,211.923831
100_0162_0055.JPG,650470.052939,431672.038728,211.861490
100_0162_0056.JPG,650472.903854,431696.169754,211.934281
100_0162_0057.JPG,650475.761286,431720.818366,211.916605
100_0162_0058.JPG,650478.599831,431745.155725,211.913127
100_0162_0059.JPG,650481.489393,431769.816064,211.993313
100_0162_0060.JPG,650484.307687,431794.259085,211.940841
100_0162_0061.JPG,650487.128685,431818.588417,211.941491
100_0162_0062.JPG,650490.012767,431843.088205,211.947646
100_0162_0063.JPG,650492.799008,431867.541618,211.929960
100_0162_0064.JPG,650495.661463,431891.853171,211.979903
100_0162_0065.JPG,650498.528888,431916.253139,211.993229
100_0162_0066.JPG,650501.301571,431940.909803,212.011365
100_0162_0067.JPG,650504.248285,431965.285148,211.980636
100_0162_0068.JPG,650506.979818,431989.869508,211.925147
100_0162_0069.JPG,650509.744398,432014.192624,211.838429
100_0162_0070.JPG,650512.648633,432038.765552,211.888728
100_0162_0071.JPG,650515.385166,432063.064675,211.889935
100_0162_0072.JPG,650518.278777,432087.448744,211.885356
100_0162_0073.JPG,650521.255101,432112.142163,211.947350
100_0162_0074.JPG,650524.164096,432136.507712,211.927570
100_0162_0075.JPG,650527.036666,432161.204801,211.913530
100_0162_0076.JPG,650529.807285,432185.552062,211.905895
100_0162_0077.JPG,650532.654607,432210.104172,211.921739
100_0162_0078.JPG,650535.498585,432234.421783,211.932030
100_0162_0079.JPG,650538.467636,432259.094074,211.966243
100_0162_0080.JPG,650541.395248,432283.475815,211.962306
100_0162_0081.JPG,650544.134966,432307.970550,211.911927
100_0162_0082.JPG,650546.905678,432332.386698,211.878162
100_0162_0083.JPG,650549.734992,432356.737147,211.920138
100_0162_0084.JPG,650552.625898,432381.384230,211.942642
100_0162_0085.JPG,650555.459267,432405.698411,211.933504
100_0162_0086.JPG,650558.305682,432430.205336,211.924901
100_0162_0087.JPG,650561.206847,432454.523512,211.953621
100_0162_0088.JPG,650563.991411,432479.124752,211.940225
100_0162_0089.JPG,650566.979326,432503.580566,212.008503
100_0162_0090.JPG,650569.837800,432528.144574,211.963823
100_0162_0091.JPG,650572.716589,432552.400544,211.952314
100_0162_0092.JPG,650575.504645,432577.043158,211.911571
100_0162_0093.JPG,650578.413237,432601.438278,211.973451
100_0162_0094.JPG,650581.254932,432625.999069,211.955159
100_0162_0095.JPG,650584.106548,432650.327084,211.941931
100_0162_0096.JPG,650586.849746,432674.918554,211.932588
100_0162_0097.JPG,650589.660539,432699.414166,211.902863
100_0162_0098.JPG,650592.445868,432723.775659,211.919504
100_0162_0099.JPG,650595.349525,432748.242928,212.018019
100_0162_0100.JPG,650598.246890,432772.623467,211.987818
100_0162_0101.JPG,650601.070301,432797.134343,211.981935
100_0162_0102.JPG,650603.988785,432818.681358,211.989823
100_0162_0103.JPG,650606.380902,432829.328867,211.955870
100_0162_0104.JPG,650619.651564,432828.794986,211.973442
100_0162_0105.JPG,650639.702549,432825.636408,212.153455
100_0162_0106.JPG,650641.057639,432818.598642,211.923087
100_0162_0107.JPG,650638.980579,432799.316374,211.924996
100_0162_0108.JPG,650636.221637,432776.466328,211.918948
100_0162_0109.JPG,650633.635146,432751.697380,211.905120
100_0162_0110.JPG,650630.861456,432726.692178,211.927961
100_0162_0111.JPG,650627.970924,432702.670241,211.918809
100_0162_0112.JPG,650624.974236,432678.035346,211.974918
100_0162_0113.JPG,650622.060122,432653.740368,211.939220
100_0162_0114.JPG,650619.260967,432629.065320,211.946736
100_0162_0115.JPG,650616.462284,432604.674132,211.950080
100_0162_0116.JPG,650613.585318,432580.350529,211.927767
100_0162_0117.JPG,650610.812171,432555.710267,211.957383
100_0162_0118.JPG,650607.860091,432531.143156,211.951709
100_0162_0119.JPG,650604.937857,432507.094447,211.918032
100_0162_0120.JPG,650602.110712,432482.559264,211.917588
100_0162_0121.JPG,650599.204923,432458.039656,211.975578
100_0162_0122.JPG,650596.374786,432433.497999,211.960891
100_0162_0123.JPG,650593.518946,432409.009007,211.983647
100_0162_0124.JPG,650590.684518,432384.449321,211.927435
100_0162_0125.JPG,650587.778125,432360.059311,211.941351
100_0162_0126.JPG,650585.001146,432335.733476,211.963562
100_0162_0127.JPG,650582.177747,432310.952554,211.991759
100_0162_0128.JPG,650579.374497,432286.672065,211.938359
100_0162_0129.JPG,650576.519770,432262.016275,211.951963
100_0162_0130.JPG,650573.659256,432237.665735,211.950780
100_0162_0131.JPG,650570.682966,432213.263127,211.901463
100_0162_0132.JPG,650568.014950,432188.809579,211.926930
100_0162_0133.JPG,650565.222841,432164.234707,211.980992
100_0162_0134.JPG,650562.368685,432139.609405,211.986009
100_0162_0135.JPG,650559.650225,432115.347809,211.908430
100_0162_0136.JPG,650556.644762,432091.047622,211.927239
100_0162_0137.JPG,650553.619847,432066.372617,211.930698
100_0162_0138.JPG,650550.965649,432042.141131,211.964333
100_0162_0139.JPG,650548.184900,432017.433481,211.970040
100_0162_0140.JPG,650545.178946,431993.335819,211.917821
100_0162_0141.JPG,650542.088318,431968.999731,211.922748
100_0162_0142.JPG,650539.166975,431944.640049,211.928875
100_0162_0143.JPG,650536.434576,431920.072207,211.893826
100_0162_0144.JPG,650533.708562,431895.641249,211.869658
100_0162_0145.JPG,650530.739166,431871.236000,211.873280
100_0162_0146.JPG,650527.746935,431848.162561,211.924862
100_0162_0147.JPG,650525.126089,431824.877379,211.916639
100_0162_0148.JPG,650522.338393,431800.781828,211.910635
100_0162_0149.JPG,650519.682248,431775.909886,211.928968
100_0162_0150.JPG,650516.914331,431751.054727,211.894714
100_0162_0151.JPG,650513.974888,431726.685975,211.921682
100_0162_0152.JPG,650511.133933,431702.475605,211.928394
100_0162_0153.JPG,650508.276848,431678.229080,211.924374
100_0162_0154.JPG,650505.395881,431654.052047,211.893174
100_0162_0155.JPG,650503.087762,431633.770360,212.017737
DJI_0163.JPG,650483.210023,431648.664668,212.008920
DJI_0164.JPG,650478.055202,431683.822104,212.035176
DJI_0165.JPG,650476.593431,431718.044195,212.243596
DJI_0166.JPG,650478.768591,431760.798085,212.191856
DJI_0167.JPG,650482.084550,431795.086755,212.207774
DJI_0168.JPG,650485.003516,431823.683273,212.147144
100_0202_0001.JPG,650706.816136,434025.621395,209.178134
100_0202_0002.JPG,650705.211691,434013.870926,209.031755
100_0202_0003.JPG,650702.657426,433989.567187,209.064854
100_0202_0004.JPG,650699.937970,433965.174924,209.026621
100_0202_0005.JPG,650697.037911,433940.552486,209.002692
100_0202_0006.JPG,650694.060613,433916.371018,208.949803
100_0202_0007.JPG,650691.244603,433892.021157,208.988033
100_0202_0008.JPG,650688.485521,433867.486236,208.981261
100_0202_0009.JPG,650685.762114,433842.963811,208.999362
100_0202_0010.JPG,650683.019984,433818.900952,208.978380
100_0202_0011.JPG,650679.983364,433794.353348,209.008117
100_0202_0012.JPG,650677.158970,433769.901488,209.019391
100_0202_0013.JPG,650674.293133,433745.263313,208.994656
100_0202_0014.JPG,650671.435921,433720.866773,208.969371
100_0202_0015.JPG,650668.566030,433696.102803,208.975563
100_0202_0016.JPG,650665.804635,433671.770068,208.995585
100_0202_0017.JPG,650662.901554,433647.170532,208.953694
100_0202_0018.JPG,650660.154358,433622.704906,208.999066
100_0202_0019.JPG,650657.169875,433598.283907,209.085863
100_0202_0020.JPG,650654.177401,433573.670206,209.017967
100_0202_0021.JPG,650651.401440,433549.533997,208.925263
100_0202_0022.JPG,650648.486790,433525.086933,208.989692
100_0202_0023.JPG,650645.777121,433500.732337,209.042094
100_0202_0024.JPG,650642.853897,433476.013625,209.044589
100_0202_0025.JPG,650639.912907,433451.688751,209.027274
100_0202_0026.JPG,650637.031990,433427.275944,209.012387
100_0202_0027.JPG,650634.087284,433403.046563,208.962359
100_0202_0028.JPG,650631.311649,433378.841843,208.907833
100_0202_0029.JPG,650628.564965,433354.086639,208.969244
100_0202_0030.JPG,650625.732978,433329.682753,208.993508
100_0202_0031.JPG,650622.838093,433305.067020,208.994953
100_0202_0032.JPG,650619.966092,433281.053494,208.934551
100_0202_0033.JPG,650617.125924,433256.224381,208.969944
100_0202_0034.JPG,650614.290392,433231.890039,208.942488
100_0202_0035.JPG,650611.495049,433207.193681,208.962656
100_0202_0036.JPG,650608.871705,433182.647278,208.990804
100_0202_0037.JPG,650605.960790,433157.981318,209.040378
100_0202_0038.JPG,650603.213389,433133.637832,209.041376
100_0202_0039.JPG,650599.968598,433109.459379,209.006910
100_0202_0040.JPG,650597.268978,433084.812892,209.013345
100_0202_0041.JPG,650594.469343,433060.536050,209.023248
100_0202_0042.JPG,650591.394601,433036.072222,208.981630
100_0202_0043.JPG,650588.429960,433011.833392,208.966835
100_0202_0044.JPG,650585.733954,432987.091994,208.972068
100_0202_0045.JPG,650582.772618,432962.834623,208.918618
100_0202_0046.JPG,650580.036871,432938.284550,208.951347
100_0202_0047.JPG,650577.142350,432913.629510,209.052613
100_0202_0048.JPG,650574.314564,432889.239456,208.949215
100_0202_0049.JPG,650571.394595,432864.874257,208.932976
100_0202_0050.JPG,650568.709554,432840.709762,209.025721
100_0202_0051.JPG,650570.602912,432833.724391,208.879022
100_0202_0052.JPG,650587.094966,432832.700078,208.848677
100_0202_0053.JPG,650604.579313,432829.402757,209.169348
100_0202_0054.JPG,650606.246963,432840.991145,208.854311
100_0202_0055.JPG,650609.222460,432865.759869,208.894513
100_0202_0056.JPG,650612.046301,432889.987595,208.996724
100_0202_0057.JPG,650614.947790,432914.638104,209.011741
100_0202_0058.JPG,650617.705573,432938.766659,208.942389
100_0202_0059.JPG,650620.569096,432963.392497,208.968856
100_0202_0060.JPG,650623.484446,432987.764569,208.980093
100_0202_0061.JPG,650626.364455,433012.189435,208.951984
100_0202_0062.JPG,650629.140874,433036.621644,208.982347
100_0202_0063.JPG,650632.022786,433060.991802,209.001653
100_0202_0064.JPG,650634.922971,433085.605807,208.992637
100_0202_0065.JPG,650637.830528,433110.050846,208.997155
100_0202_0066.JPG,650640.728379,433134.438543,209.003578
100_0202_0067.JPG,650643.543440,433159.025432,208.980998
100_0202_0068.JPG,650646.359007,433183.391536,208.961644
100_0202_0069.JPG,650649.172569,433208.097151,208.991211
100_0202_0070.JPG,650651.850662,433232.247329,208.955955
100_0202_0071.JPG,650654.701087,433256.903720,208.983308
100_0202_0072.JPG,650657.637370,433281.370338,209.004101
100_0202_0073.JPG,650660.484590,433305.889977,208.941294
100_0202_0074.JPG,650663.432139,433330.282137,208.926722
100_0202_0075.JPG,650666.372414,433354.786556,208.968583
100_0202_0076.JPG,650669.141469,433379.115568,208.916657
100_0202_0077.JPG,650671.948353,433403.458734,208.970734
100_0202_0078.JPG,650674.880523,433428.163591,208.988212
100_0202_0079.JPG,650677.593842,433452.388304,208.977555
100_0202_0080.JPG,650680.549667,433476.718673,209.046463
100_0202_0081.JPG,650683.418735,433501.416172,209.085198
100_0202_0082.JPG,650686.234177,433525.785561,209.035826
100_0202_0083.JPG,650689.153714,433550.512017,209.056389
100_0202_0084.JPG,650692.024378,433574.844489,209.003844
100_0202_0085.JPG,650694.622941,433599.530142,208.945955
100_0202_0086.JPG,650697.458167,433623.790941,208.933868
100_0202_0087.JPG,650700.298303,433648.205997,208.978308
100_0202_0088.JPG,650703.210348,433672.901491,209.003491
100_0202_0089.JPG,650706.396630,433697.143584,209.088746
100_0202_0090.JPG,650708.942295,433721.496243,208.979133
100_0202_0091.JPG,650712.003461,433746.150407,208.966794
100_0202_0092.JPG,650714.809839,433770.408507,208.967608
100_0202_0093.JPG,650717.710396,433795.075549,208.978314
100_0202_0094.JPG,650720.595080,433819.485861,209.041464
100_0202_0095.JPG,650723.582878,433843.968069,209.049231
100_0202_0096.JPG,650726.460075,433868.383482,209.034221
100_0202_0097.JPG,650729.277355,433892.885345,208.966528
100_0202_0098.JPG,650732.071795,433917.218100,209.010515
100_0202_0099.JPG,650734.982163,433941.821696,209.073671
100_0202_0100.JPG,650737.673304,433966.100981,209.029821
100_0202_0101.JPG,650740.523991,433990.785044,209.020112
100_0202_0102.JPG,650743.319107,434014.523483,208.977003
100_0202_0103.JPG,650747.420155,434020.650440,208.908606
100_0202_0104.JPG,650764.431326,434020.215092,209.018835
100_0202_0105.JPG,650781.157736,434016.623151,209.123118
100_0202_0106.JPG,650779.307447,434005.734044,208.829480
100_0202_0107.JPG,650777.185677,433981.794002,208.981749
100_0202_0108.JPG,650774.758103,433957.241184,209.016648
100_0202_0109.JPG,650771.763957,433932.759775,209.006837
100_0202_0110.JPG,650768.666124,433908.500424,208.940308
100_0202_0111.JPG,650765.784567,433884.044498,209.010017
100_0202_0112.JPG,650762.990627,433859.833704,208.962150
100_0202_0113.JPG,650760.152759,433835.376352,209.009158
100_0202_0114.JPG,650757.234147,433811.075552,209.026037
100_0202_0115.JPG,650754.345824,433786.612518,209.054785
100_0202_0116.JPG,650751.595384,433762.173200,209.045188
100_0202_0117.JPG,650748.706650,433737.525309,209.002007
100_0202_0118.JPG,650745.825257,433713.169740,208.998537
100_0202_0119.JPG,650742.993244,433688.714311,208.997103
100_0202_0120.JPG,650740.110570,433664.279939,208.930843
100_0202_0121.JPG,650737.296266,433640.025026,208.945117
100_0202_0122.JPG,650734.475704,433615.495256,208.967521
100_0202_0123.JPG,650731.799899,433590.912180,209.037915
100_0202_0124.JPG,650728.674736,433566.417967,209.025437
100_0202_0125.JPG,650725.993478,433541.499230,209.082959
100_0202_0126.JPG,650722.983810,433517.110796,209.024246
100_0202_0127.JPG,650720.112522,433492.631090,208.982516
100_0202_0128.JPG,650717.216600,433468.235370,209.026543
100_0202_0129.JPG,650714.254136,433444.551332,208.883158
100_0202_0130.JPG,650711.436732,433420.034923,208.969320
100_0202_0131.JPG,650708.651577,433395.829799,209.019574
100_0202_0132.JPG,650705.823474,433371.218590,209.025536
100_0202_0133.JPG,650703.061742,433346.913497,208.992581
100_0202_0134.JPG,650701.786120,433334.909441,208.874130
100_0202_0135.JPG,650699.084022,433323.285120,208.941955
100_0202_0136.JPG,650696.769920,433300.643779,208.967115
100_0202_0137.JPG,650694.521942,433275.790299,208.998579
100_0202_0138.JPG,650691.753118,433251.223098,208.981338
100_0202_0139.JPG,650688.996252,433226.949600,209.001649
100_0202_0140.JPG,650686.257453,433202.528870,208.949602
100_0202_0141.JPG,650683.494484,433178.049306,208.970919
100_0202_0142.JPG,650680.631740,433153.530733,208.983546
100_0202_0143.JPG,650677.782688,433129.096798,208.967080
100_0202_0144.JPG,650674.920797,433104.397714,209.032439
100_0202_0145.JPG,650672.073397,433079.918253,209.019617
100_0202_0146.JPG,650669.265050,433055.649639,209.031150
100_0202_0147.JPG,650666.360760,433031.419439,208.967018
100_0202_0148.JPG,650663.537128,433006.842373,208.986872
100_0202_0149.JPG,650660.624263,432982.345798,209.026045
100_0202_0150.JPG,650657.521118,432957.677965,209.042803
100_0202_0151.JPG,650654.617574,432933.467094,208.982226
100_0202_0152.JPG,650651.846915,432909.030763,208.938637
100_0202_0153.JPG,650649.087743,432884.319519,208.940551
100_0202_0154.JPG,650646.227794,432859.916226,209.016255
100_0202_0155.JPG,650643.336342,432835.444868,208.998407
DJI_0203.JPG,650644.007511,432848.967024,208.979013
DJI_0204.JPG,650648.991416,432909.585643,209.200050
DJI_0205.JPG,650651.706453,432945.215154,209.108317
DJI_0206.JPG,650659.685403,433048.005937,209.031630
DJI_0207.JPG,650663.673708,433098.495955,209.028275
DJI_0208.JPG,650667.240136,433143.438540,209.024928
DJI_0209.JPG,650670.441603,433181.805429,209.117808
DJI_0210.JPG,650672.790683,433211.996899,209.047692
DJI_0211.JPG,650676.201103,433256.084828,209.032178
100_0212_0001.JPG,650839.309087,435211.987502,209.110419
100_0212_0002.JPG,650839.659097,435203.988696,209.081555
100_0212_0003.JPG,650838.552555,435182.890649,209.017722
100_0212_0004.JPG,650837.650327,435158.913658,208.998587
100_0212_0005.JPG,650835.732369,435134.868933,209.045795
100_0212_0006.JPG,650833.342817,435111.222456,209.020660
100_0212_0007.JPG,650831.032154,435087.263879,209.038545
100_0212_0008.JPG,650828.300991,435063.318396,209.052537
100_0212_0009.JPG,650825.282217,435039.403485,209.023767
100_0212_0010.JPG,650822.573467,435015.551715,209.037499
100_0212_0011.JPG,650819.901655,434991.586084,209.004993
100_0212_0012.JPG,650817.118665,434967.707637,209.090464
100_0212_0013.JPG,650814.268736,434943.707809,209.056979
100_0212_0014.JPG,650811.555446,434920.009805,209.060479
100_0212_0015.JPG,650808.754768,434895.931075,209.052980
100_0212_0016.JPG,650805.847372,434872.295514,209.025157
100_0212_0017.JPG,650803.000222,434848.162776,209.062783
100_0212_0018.JPG,650800.180937,434824.396274,209.016408
100_0212_0019.JPG,650797.419656,434800.217901,209.014755
100_0212_0020.JPG,650794.657384,434776.548477,208.974287
100_0212_0021.JPG,650791.935168,434752.534426,209.014444
100_0212_0022.JPG,650789.144814,434728.825571,209.064764
100_0212_0023.JPG,650786.284120,434705.120377,209.053388
100_0212_0024.JPG,650783.517907,434681.424253,209.022241
100_0212_0025.JPG,650780.706681,434657.721155,209.070546
100_0212_0026.JPG,650777.914261,434633.812765,209.135551
100_0212_0027.JPG,650775.154468,434609.822929,209.059188
100_0212_0028.JPG,650772.312486,434585.928927,209.025046
100_0212_0029.JPG,650769.550160,434562.123023,209.010869
100_0212_0030.JPG,650766.740807,434538.070619,209.030005
100_0212_0031.JPG,650764.077290,434514.195769,209.020046
100_0212_0032.JPG,650761.243707,434490.148434,209.049865
100_0212_0033.JPG,650758.449365,434466.385846,209.042585
100_0212_0034.JPG,650755.544983,434442.297045,209.011375
100_0212_0035.JPG,650752.769996,434418.528658,208.966749
100_0212_0036.JPG,650750.008678,434394.693751,208.973346
100_0212_0037.JPG,650747.251205,434370.682299,209.064917
100_0212_0038.JPG,650744.588255,434346.779858,209.105334
100_0212_0039.JPG,650741.724385,434322.874626,209.062832
100_0212_0040.JPG,650739.041848,434299.004440,209.077933
100_0212_0041.JPG,650736.212036,434274.918479,209.067294
100_0212_0042.JPG,650733.313652,434251.345347,209.017985
100_0212_0043.JPG,650730.525115,434227.371314,209.045046
100_0212_0044.JPG,650727.829528,434203.817047,209.002036
100_0212_0045.JPG,650724.912159,434179.869627,209.014161
100_0212_0046.JPG,650722.212727,434156.090021,208.965157
100_0212_0047.JPG,650719.758896,434132.126418,208.949851
100_0212_0048.JPG,650716.808345,434107.731004,209.053271
100_0212_0049.JPG,650713.796192,434084.336712,209.023352
100_0212_0050.JPG,650710.934496,434060.287245,209.022476
100_0212_0051.JPG,650708.134918,434036.525427,209.031162
100_0212_0052.JPG,650707.352775,434024.647900,209.040137
100_0212_0053.JPG,650719.898573,434024.593393,208.892919
100_0212_0054.JPG,650740.739416,434021.629992,209.180704
100_0212_0055.JPG,650744.554608,434025.794452,208.994281
100_0212_0056.JPG,650746.610293,434042.816450,208.909001
100_0212_0057.JPG,650749.582959,434066.823554,209.014819
100_0212_0058.JPG,650752.441020,434090.779397,209.094782
100_0212_0059.JPG,650755.152688,434114.558180,209.071464
100_0212_0060.JPG,650757.974054,434138.597970,209.053664
100_0212_0061.JPG,650760.950381,434162.578711,209.105246
100_0212_0062.JPG,650763.505432,434186.475543,208.986665
100_0212_0063.JPG,650766.311176,434210.513514,209.019528
100_0212_0064.JPG,650768.952176,434234.236165,208.942056
100_0212_0065.JPG,650771.833865,434258.375707,209.012249
100_0212_0066.JPG,650774.516188,434282.046123,208.995705
100_0220_0001.JPG,650778.101680,434313.573775,207.777759
100_0220_0002.JPG,650779.387334,434324.546407,207.589628
100_0220_0003.JPG,650781.632335,434344.415984,207.576953
100_0220_0004.JPG,650784.577065,434368.189081,207.648942
100_0220_0005.JPG,650787.338776,434392.241418,207.629877
100_0220_0006.JPG,650790.256021,434416.004154,207.648103
100_0220_0007.JPG,650793.051048,434439.798986,207.610965
100_0220_0008.JPG,650795.876045,434463.765406,207.651048
100_0220_0009.JPG,650798.623015,434487.583033,207.620491
100_0220_0010.JPG,650801.270647,434511.682114,207.577893
100_0220_0011.JPG,650804.101419,434535.513070,207.582758
100_0220_0012.JPG,650807.005884,434559.486665,207.593218
100_0220_0013.JPG,650809.861157,434583.270410,207.678207
100_0220_0014.JPG,650812.537581,434607.154427,207.667637
100_0220_0015.JPG,650815.262196,434631.205536,207.570650
100_0220_0016.JPG,650818.001013,434655.024852,207.557809
100_0220_0017.JPG,650820.799592,434678.872638,207.531916
100_0220_0018.JPG,650823.694850,434702.951521,207.561816
100_0220_0019.JPG,650826.465631,434726.696100,207.553902
100_0220_0020.JPG,650829.290630,434750.746769,207.563326
100_0220_0021.JPG,650832.037222,434774.493476,207.566692
100_0220_0022.JPG,650834.866528,434798.503027,207.586351
100_0220_0023.JPG,650837.570621,434822.169158,207.580039
100_0220_0024.JPG,650840.471305,434846.246654,207.600995
100_0220_0025.JPG,650843.272534,434870.011593,207.627963
100_0220_0026.JPG,650846.066608,434893.979205,207.621378
100_0220_0027.JPG,650848.858962,434917.768167,207.652036
100_0220_0028.JPG,650851.609064,434941.781263,207.644651
100_0220_0029.JPG,650854.285773,434965.547512,207.568552
100_0220_0030.JPG,650856.932723,434989.472916,207.598186
100_0220_0031.JPG,650859.905308,435013.494620,207.658573
100_0220_0032.JPG,650862.705345,435037.204822,207.613999
100_0220_0033.JPG,650865.523796,435061.329663,207.627444
100_0220_0034.JPG,650868.096589,435085.069363,207.606793
100_0220_0035.JPG,650870.697430,435109.112791,207.648010
100_0220_0036.JPG,650872.992238,435132.940393,207.688118
100_0220_0037.JPG,650875.018926,435157.013648,207.706703
100_0220_0038.JPG,650876.224624,435180.727995,207.707899
100_0220_0039.JPG,650877.037607,435204.737323,207.719707
100_0220_0040.JPG,650877.944933,435217.275495,207.766362
100_0220_0041.JPG,650888.973765,435215.647069,207.689774
100_0220_0042.JPG,650909.818209,435214.033887,207.791988
100_0220_0043.JPG,650914.067110,435209.365795,207.591580
100_0220_0044.JPG,650913.710987,435194.589480,207.585875
100_0220_0045.JPG,650913.051358,435171.396521,207.626481
100_0220_0046.JPG,650911.727179,435147.368425,207.637861
100_0220_0047.JPG,650909.655635,435123.371987,207.618157
100_0220_0048.JPG,650907.374408,435099.628520,207.612078
100_0220_0049.JPG,650904.882158,435075.581464,207.631608
100_0220_0050.JPG,650902.199742,435051.663882,207.647707
100_0220_0051.JPG,650899.462853,435027.994182,207.648529
100_0220_0052.JPG,650896.536309,435004.031521,207.671796
100_0220_0053.JPG,650893.848575,434979.633766,207.731677
100_0220_0054.JPG,650891.115923,434956.179049,207.632953
100_0220_0055.JPG,650888.257426,434932.204680,207.680202
100_0220_0056.JPG,650885.427634,434908.011224,207.674380
100_0220_0057.JPG,650882.762085,434884.400939,207.613247
100_0220_0058.JPG,650879.941260,434860.511428,207.693271
100_0220_0059.JPG,650877.118389,434836.766202,207.684392
100_0220_0060.JPG,650874.145513,434813.047870,207.664840
100_0220_0061.JPG,650871.310038,434788.889654,207.659984
100_0220_0062.JPG,650868.619680,434764.907404,207.685651
100_0220_0063.JPG,650865.860130,434741.121589,207.603524
100_0220_0064.JPG,650862.962072,434717.224038,207.630333
100_0220_0065.JPG,650860.210076,434693.746239,207.630915
100_0220_0066.JPG,650857.630448,434669.650503,207.730092
100_0220_0067.JPG,650854.570153,434645.792599,207.726645
100_0220_0068.JPG,650851.744936,434621.982959,207.713255
100_0220_0069.JPG,650848.941410,434598.352840,207.666295
100_0220_0070.JPG,650846.096396,434574.304310,207.698840
100_0220_0071.JPG,650843.593569,434550.146306,207.750073
100_0220_0072.JPG,650840.774081,434526.376654,207.703931
100_0220_0073.JPG,650838.011524,434502.157091,207.738705
100_0220_0074.JPG,650835.572793,434478.258993,207.759110
100_0220_0075.JPG,650832.584902,434454.350745,207.691722
100_0220_0076.JPG,650829.676315,434430.643945,207.705018
100_0220_0077.JPG,650826.779808,434406.806097,207.695616
100_0220_0078.JPG,650823.504446,434383.277639,208.471636
100_0220_0079.JPG,650820.917519,434359.748048,208.359308
100_0220_0080.JPG,650817.821967,434336.134737,207.887478
100_0220_0081.JPG,650815.030904,434311.965039,207.994645
100_0220_0082.JPG,650812.365342,434288.031904,207.940153
100_0220_0083.JPG,650809.768607,434264.374831,208.210282
100_0220_0084.JPG,650807.101698,434240.316153,208.523430
100_0220_0085.JPG,650804.357859,434216.448557,208.625518
100_0220_0086.JPG,650801.696386,434192.271377,208.501696
100_0220_0087.JPG,650798.783198,434168.425139,208.721983
100_0220_0088.JPG,650796.193322,434144.651584,208.200887
100_0220_0089.JPG,650793.134725,434120.513323,208.345142
100_0220_0090.JPG,650790.141806,434097.071294,207.936851
100_0220_0091.JPG,650787.323401,434073.347930,207.494133
100_0220_0092.JPG,650784.512652,434049.396569,207.773893
100_0220_0093.JPG,650781.846699,434025.208574,208.234875
100_0220_0094.JPG,650780.508366,434017.061253,208.500247
DJI_0221.JPG,650779.613874,434025.812425,207.149370
DJI_0222.JPG,650775.091291,434050.568138,206.977966
DJI_0223.JPG,650767.330585,434094.585048,207.392190
DJI_0224.JPG,650759.139554,434141.302677,207.782238
DJI_0225.JPG,650754.070726,434176.911397,206.684147
DJI_0226.JPG,650750.227941,434210.627157,207.119728
DJI_0227.JPG,650748.447388,434254.252381,207.453670
DJI_0228.JPG,650747.950085,434287.474764,207.973399
DJI_0229.JPG,650749.716440,434326.770029,208.010141
100_0237_0001.JPG,650469.664793,436333.058353,205.057019
100_0237_0002.JPG,650473.682528,436323.781951,205.039697
100_0237_0003.JPG,650479.828600,436307.894119,205.055582
100_0237_0004.JPG,650487.808823,436287.282589,205.016896
100_0237_0005.JPG,650496.913675,436264.531145,205.037092
100_0237_0006.JPG,650506.070905,436242.003125,205.114866
100_0237_0007.JPG,650514.789378,436219.501841,205.022366
100_0237_0008.JPG,650523.666123,436197.091777,204.999260
100_0237_0009.JPG,650532.592301,436174.753718,205.076173
100_0237_0010.JPG,650541.370120,436152.645130,205.031759
100_0237_0011.JPG,650550.035302,436130.445906,205.012142
100_0237_0012.JPG,650558.952763,436108.173570,205.050013
100_0237_0013.JPG,650567.560073,436086.470236,204.979292
100_0237_0014.JPG,650576.181789,436064.874841,205.006230
100_0237_0015.JPG,650584.726807,436043.592103,205.014007
100_0237_0016.JPG,650593.157096,436022.371658,205.013407
100_0237_0017.JPG,650601.788714,436000.976391,205.070084
100_0237_0018.JPG,650610.387198,435979.405433,205.075460
100_0237_0019.JPG,650619.842998,435955.907245,204.905331
100_0237_0020.JPG,650623.319551,435946.446987,205.031940
100_0237_0021.JPG,650630.308263,435927.965446,205.166768
100_0237_0022.JPG,650639.415516,435905.861913,205.147356
100_0237_0023.JPG,650648.806765,435883.130182,205.095895
100_0237_0024.JPG,650657.553393,435860.816892,205.003662
100_0237_0025.JPG,650666.261935,435838.760500,205.055214
100_0237_0026.JPG,650675.055729,435816.256610,205.017548
100_0237_0027.JPG,650683.961882,435793.943052,205.025256
100_0237_0028.JPG,650693.062864,435771.401859,205.035649
100_0237_0029.JPG,650701.952885,435749.190058,205.055087
100_0237_0030.JPG,650710.749066,435727.003225,205.027375
100_0237_0031.JPG,650719.523464,435704.615800,205.037461
100_0237_0032.JPG,650728.444595,435682.253350,205.050306
100_0237_0033.JPG,650737.520444,435659.808363,205.057691
100_0237_0034.JPG,650746.465732,435637.444370,205.035161
100_0237_0035.JPG,650755.164279,435615.083957,205.045617
100_0237_0036.JPG,650764.311823,435592.404842,205.069028
100_0237_0037.JPG,650773.048372,435570.060924,205.042513
100_0237_0038.JPG,650781.446919,435547.715975,205.038057
100_0237_0039.JPG,650789.227933,435525.036137,205.029373
100_0237_0040.JPG,650796.536707,435502.429870,205.014893
100_0237_0041.JPG,650803.698964,435479.229922,205.051364
100_0237_0042.JPG,650810.144867,435455.879371,205.063266
100_0237_0043.JPG,650815.707109,435432.864943,204.973608
100_0237_0044.JPG,650820.655363,435409.379146,204.985385
100_0237_0045.JPG,650825.257306,435386.081062,205.012523
100_0237_0046.JPG,650828.901233,435361.934411,205.066629
100_0237_0047.JPG,650832.191770,435338.459535,205.047377
100_0237_0048.JPG,650834.778006,435314.691427,205.009098
100_0237_0049.JPG,650837.115652,435290.869572,205.018314
100_0237_0050.JPG,650838.471415,435266.767585,205.054545
100_0237_0051.JPG,650839.283311,435243.053262,205.050600
100_0237_0052.JPG,650839.460034,435218.979908,205.036064
100_0237_0053.JPG,650841.020985,435208.963809,205.034741
100_0237_0054.JPG,650855.605551,435214.844236,204.803048
100_0237_0055.JPG,650874.923044,435213.880795,205.154629
100_0237_0056.JPG,650876.940735,435220.031397,204.966824
100_0237_0057.JPG,650876.970545,435242.899541,204.920739
100_0237_0058.JPG,650876.129798,435266.739003,205.029963
100_0237_0059.JPG,650874.743563,435290.610651,205.090826
100_0237_0060.JPG,650872.788050,435314.542981,205.074411
100_0237_0061.JPG,650870.186925,435338.390104,205.010452
100_0237_0062.JPG,650866.910918,435362.089128,204.997213
100_0237_0063.JPG,650863.117643,435385.828554,205.036911
100_0237_0064.JPG,650858.860926,435409.271051,205.065931
100_0237_0065.JPG,650853.990268,435433.071797,205.074963
100_0237_0066.JPG,650848.531443,435456.425152,205.035964
100_0237_0067.JPG,650842.417011,435479.463039,204.981454
100_0237_0068.JPG,650835.582260,435502.690994,204.981089
100_0237_0069.JPG,650828.441649,435525.527784,205.038832
100_0237_0070.JPG,650820.707096,435548.375652,205.025710
100_0237_0071.JPG,650812.495663,435570.810432,204.995409
100_0237_0072.JPG,650804.026335,435593.217112,204.977722
100_0237_0073.JPG,650795.134588,435615.702475,205.011052
100_0237_0074.JPG,650786.318624,435638.029498,205.068311
100_0237_0075.JPG,650777.550027,435660.279464,205.017747
100_0237_0076.JPG,650768.588950,435682.830726,204.992808
100_0237_0077.JPG,650759.819614,435705.000384,205.035040
100_0237_0078.JPG,650750.770776,435727.543691,205.046441
100_0237_0079.JPG,650741.919894,435749.861828,205.064087
100_0237_0080.JPG,650733.060316,435772.271229,205.079280
100_0237_0081.JPG,650724.205714,435794.571394,205.042168
100_0237_0082.JPG,650715.365942,435816.924388,204.987070
100_0237_0083.JPG,650706.422680,435839.327177,205.010794
100_0237_0084.JPG,650697.565741,435861.602045,204.995569
100_0237_0085.JPG,650688.576459,435884.089000,205.002963
100_0237_0086.JPG,650679.655490,435906.351627,205.055320
100_0237_0087.JPG,650670.972685,435928.623530,205.077832
100_0237_0088.JPG,650661.943132,435951.089812,205.047404
100_0237_0089.JPG,650653.033516,435973.436310,205.042457
100_0237_0090.JPG,650644.148561,435995.814624,205.053635
100_0237_0091.JPG,650635.161945,436018.333576,205.132880
100_0237_0092.JPG,650626.254185,436040.564051,205.087772
100_0237_0093.JPG,650617.346567,436062.981880,205.074234
100_0237_0094.JPG,650608.372647,436085.325563,205.023284
100_0237_0095.JPG,650599.538192,436107.682644,205.006605
100_0237_0096.JPG,650590.506109,436130.180525,205.074548
100_0237_0097.JPG,650581.706975,436152.392600,205.003063
100_0237_0098.JPG,650572.734764,436174.792905,204.972309
100_0237_0099.JPG,650563.931596,436196.975718,205.043193
100_0237_0100.JPG,650555.063023,436219.347929,205.074031
100_0237_0101.JPG,650546.109946,436241.837288,205.045811
100_0237_0102.JPG,650537.268312,436264.063675,205.056297
100_0237_0103.JPG,650528.398008,436286.466306,205.058713
100_0237_0104.JPG,650519.501035,436308.882812,205.087120
100_0237_0105.JPG,650510.645228,436331.031388,205.064968
100_0237_0106.JPG,650504.721238,436345.780759,205.107769
100_0237_0107.JPG,650510.092784,436349.404776,204.965043
100_0237_0108.JPG,650529.677356,436357.589915,205.129110
100_0237_0109.JPG,650539.878330,436359.446296,205.098699
100_0237_0110.JPG,650544.539104,436346.895965,205.035527
100_0237_0111.JPG,650551.539507,436328.300917,205.139228
100_0251_0001.JPG,650558.813958,436312.105693,207.488445
100_0251_0002.JPG,650562.455043,436301.761357,207.361964
100_0251_0003.JPG,650570.562027,436281.134993,207.393769
100_0251_0004.JPG,650579.455443,436258.766353,207.415866
100_0251_0005.JPG,650588.180572,436236.743176,207.408970
100_0251_0006.JPG,650597.664404,436213.893562,207.498271
100_0251_0007.JPG,650606.406967,436191.720650,207.380746
100_0251_0008.JPG,650615.350358,436169.357591,207.393013
100_0251_0009.JPG,650624.157728,436147.149508,207.444571
100_0251_0010.JPG,650632.947722,436124.655637,207.465120
100_0251_0011.JPG,650641.835723,436102.496241,207.418311
100_0251_0012.JPG,650650.576015,436080.200434,207.355701
100_0251_0013.JPG,650659.628520,436057.790330,207.362247
100_0251_0014.JPG,650668.775641,436035.136809,207.463826
100_0251_0015.JPG,650677.871177,436012.627211,207.454947
100_0251_0016.JPG,650686.739651,435990.249887,207.306734
100_0251_0017.JPG,650695.490948,435967.936018,207.341465
100_0251_0018.JPG,650704.388939,435945.473234,207.367646
100_0251_0019.JPG,650713.282006,435923.265978,207.390136
100_0251_0020.JPG,650721.995763,435901.085697,207.334082
100_0251_0021.JPG,650730.962726,435878.566545,207.364654
100_0251_0022.JPG,650739.885171,435856.426614,207.394988
100_0251_0023.JPG,650748.605978,435833.875303,207.298098
100_0251_0024.JPG,650757.563605,435811.852386,207.353183
100_0251_0025.JPG,650766.515364,435789.300537,207.414071
100_0251_0026.JPG,650775.388371,435767.027882,207.406277
100_0251_0027.JPG,650784.184762,435745.020010,207.357595
100_0251_0028.JPG,650792.990462,435722.758113,207.362877
100_0251_0029.JPG,650801.800951,435700.634176,207.378680
100_0251_0030.JPG,650810.625329,435678.208789,207.393306
100_0251_0031.JPG,650819.359888,435656.070877,207.409839
100_0251_0032.JPG,650828.027029,435633.747970,207.391460
100_0251_0033.JPG,650836.926533,435611.269189,207.418874
100_0251_0034.JPG,650845.503535,435588.759991,207.398577
100_0251_0035.JPG,650853.897007,435566.235294,207.386588
100_0251_0036.JPG,650861.795634,435543.526132,207.381494
100_0251_0037.JPG,650869.204238,435520.626317,207.414830
100_0251_0038.JPG,650875.944033,435497.821983,207.411875
100_0251_0039.JPG,650882.620547,435474.657157,207.375989
100_0251_0040.JPG,650888.305245,435451.438827,207.341093
100_0251_0041.JPG,650893.160694,435428.238133,207.372448
100_0251_0042.JPG,650897.869563,435404.614325,207.413579
100_0251_0043.JPG,650901.971068,435380.955968,207.413254
100_0251_0044.JPG,650905.569238,435357.145949,207.365560
100_0251_0045.JPG,650908.357334,435333.437716,207.329165
100_0251_0046.JPG,650910.732933,435309.703724,207.378328
100_0251_0047.JPG,650912.531265,435285.448424,207.414064
100_0251_0048.JPG,650913.652554,435261.426127,207.402799
100_0251_0049.JPG,650914.227429,435237.456471,207.396169
100_0251_0050.JPG,650914.358589,435213.582485,207.426333
DJI_0252.JPG,650911.911471,435218.812175,207.250120
DJI_0253.JPG,650884.328611,435293.480546,207.366363
DJI_0254.JPG,650861.979944,435354.251229,207.513743
DJI_0255.JPG,650840.184985,435413.556407,207.468667
DJI_0256.JPG,650817.462084,435474.704116,207.366086
DJI_0257.JPG,650798.140726,435526.985507,207.440437
DJI_0258.JPG,650776.462666,435586.351040,207.438531
DJI_0259.JPG,650755.460467,435643.317341,207.289279
100_0260_0001.JPG,650211.055451,436982.317508,207.342723
100_0260_0002.JPG,650214.174205,436973.361587,207.338762
100_0260_0003.JPG,650221.417312,436954.763074,207.461706
100_0260_0004.JPG,650230.852983,436932.709324,207.520815
100_0260_0005.JPG,650240.203003,436909.559138,207.448367
100_0260_0006.JPG,650249.003625,436886.567487,207.428751
100_0260_0007.JPG,650258.067209,436863.833357,207.425155
100_0260_0008.JPG,650267.374646,436840.581156,207.465310
100_0260_0009.JPG,650276.430108,436817.987575,207.443553
100_0260_0010.JPG,650285.548583,436795.317356,207.410627
100_0260_0011.JPG,650294.619299,436772.408474,207.466931
100_0260_0012.JPG,650303.782918,436749.383560,207.477163
100_0260_0013.JPG,650313.193469,436726.312262,207.483485
100_0260_0014.JPG,650322.261677,436703.381063,207.398193
100_0260_0015.JPG,650331.107246,436680.685884,207.411473
100_0260_0016.JPG,650339.900713,436658.210454,207.353906
100_0260_0017.JPG,650348.985048,436635.493573,207.429780
100_0260_0018.JPG,650358.137205,436612.560239,207.423522
100_0260_0019.JPG,650367.186469,436589.849159,207.380190
100_0260_0020.JPG,650376.384366,436566.961897,207.451859
100_0260_0021.JPG,650385.610774,436543.879238,207.473558
100_0260_0022.JPG,650394.572078,436521.407771,207.435484
100_0260_0023.JPG,650403.749905,436498.316888,207.474684
100_0260_0024.JPG,650412.806838,436475.260981,207.438500
100_0260_0025.JPG,650422.330496,436452.445381,207.464645
100_0260_0026.JPG,650431.173250,436429.586283,207.385579
100_0260_0027.JPG,650440.125377,436407.125493,207.398775
100_0260_0028.JPG,650449.280492,436384.498393,207.373959
100_0260_0029.JPG,650458.314009,436361.408751,207.440512
100_0260_0030.JPG,650467.431516,436338.650961,207.526047
100_0260_0031.JPG,650472.273109,436334.063229,207.383589
100_0260_0032.JPG,650491.194606,436341.896643,207.312107
100_0260_0033.JPG,650504.344349,436346.863172,207.500867
100_0260_0034.JPG,650498.515375,436361.706835,207.331657
100_0260_0035.JPG,650489.398760,436384.591691,207.272000
100_0260_0036.JPG,650480.273230,436407.188667,207.322371
100_0260_0037.JPG,650471.030764,436430.091768,207.435732
100_0260_0038.JPG,650462.042536,436453.013439,207.494515
100_0260_0039.JPG,650452.979444,436475.907799,207.500952
100_0260_0040.JPG,650443.830332,436498.797095,207.418731
100_0260_0041.JPG,650434.658837,436521.877564,207.386570
100_0260_0042.JPG,650425.570193,436544.522315,207.367243
100_0260_0043.JPG,650416.380070,436567.606794,207.375838
100_0260_0044.JPG,650407.333023,436590.338580,207.392521
100_0260_0045.JPG,650398.214522,436613.175015,207.365716
100_0260_0046.JPG,650389.078218,436636.196127,207.381926
100_0260_0047.JPG,650380.022296,436658.953229,207.417163
100_0260_0048.JPG,650370.891600,436681.939975,207.436976
100_0260_0049.JPG,650361.841018,436704.686986,207.429727
100_0260_0050.JPG,650352.677252,436727.738043,207.402015
100_0260_0051.JPG,650343.645142,436750.587871,207.431264
100_0260_0052.JPG,650334.531976,436773.327266,207.491958
100_0260_0053.JPG,650325.294460,436796.423596,207.518373
100_0260_0054.JPG,650316.170385,436819.191368,207.459287
100_0260_0055.JPG,650307.032079,436841.977736,207.391388
100_0260_0056.JPG,650297.851227,436865.094853,207.366269
100_0260_0057.JPG,650288.826856,436887.919990,207.404604
100_0260_0058.JPG,650279.691509,436910.975448,207.393976
100_0260_0059.JPG,650270.534250,436933.721227,207.412311
100_0260_0060.JPG,650261.477342,436956.641881,207.448832
100_0260_0061.JPG,650252.436692,436979.415385,207.517170
100_0260_0062.JPG,650245.915836,436996.287295,207.493071
100_0260_0063.JPG,650254.604391,437000.984716,207.397697
100_0260_0064.JPG,650276.044816,437009.488799,207.541171
100_0260_0065.JPG,650281.331536,437007.220739,207.351512
100_0260_0066.JPG,650288.102276,436990.812235,207.430371
100_0260_0067.JPG,650297.184092,436969.017749,207.536685
100_0260_0068.JPG,650306.272190,436945.967835,207.506632
100_0260_0069.JPG,650315.269801,436923.049902,207.412863
100_0260_0070.JPG,650324.303160,436900.224367,207.424379
100_0260_0071.JPG,650333.379163,436877.125721,207.414749
100_0260_0072.JPG,650342.428675,436854.549131,207.437812
100_0260_0073.JPG,650351.599128,436831.396559,207.465254
100_0260_0074.JPG,650360.625773,436808.610832,207.464447
100_0260_0075.JPG,650369.905963,436785.528500,207.467847
100_0260_0076.JPG,650378.966993,436762.828869,207.398715
100_0260_0077.JPG,650388.162848,436739.948863,207.418367
100_0260_0078.JPG,650397.375593,436717.129063,207.488756
100_0260_0079.JPG,650406.469423,436694.107920,207.436899
100_0260_0080.JPG,650415.395251,436671.264752,207.373683
100_0260_0081.JPG,650424.353822,436648.571922,207.412230
100_0260_0082.JPG,650433.521216,436625.495503,207.445381
100_0260_0083.JPG,650442.591932,436602.900775,207.404270
100_0260_0084.JPG,650451.640576,436580.026177,207.446559
100_0260_0085.JPG,650460.852554,436556.928808,207.433799
100_0260_0086.JPG,650469.869152,436534.209077,207.348402
100_0260_0087.JPG,650479.222834,436511.419176,207.399159
100_0260_0088.JPG,650488.171077,436488.685577,207.407304
100_0260_0089.JPG,650497.326885,436465.721085,207.390345
100_0260_0090.JPG,650506.297014,436443.092666,207.412654
100_0260_0091.JPG,650515.570845,436419.988250,207.431001
100_0260_0092.JPG,650524.526405,436397.160162,207.432484
100_0260_0093.JPG,650533.729441,436374.181112,207.455387
100_0260_0094.JPG,650538.912198,436359.729290,207.409484
DJI_0261.JPG,650517.184614,436380.151758,207.307973
DJI_0262.JPG,650500.113823,436402.194694,207.222230
DJI_0263.JPG,650483.717525,436424.702696,207.315169
DJI_0264.JPG,650467.143617,436447.521074,207.388745
DJI_0265.JPG,650451.515152,436469.657104,207.393760
DJI_0266.JPG,650436.027356,436491.791379,207.410882
DJI_0267.JPG,650421.024044,436513.273969,207.370517
DJI_0268.JPG,650405.280955,436535.826121,207.341381
DJI_0269.JPG,650338.386549,436516.751936,207.333840
DJI_0270.JPG,650338.163029,436516.708326,207.489766
