imageName X Y Z Omega Phi Kappa
100_0154_0001.JPG 650428.423358 431642.265479 212.006223 0.758221 0.524553 170.898189
100_0154_0002.JPG 650428.027532 431636.876179 211.966924 0.530325 0.667141 173.178941
100_0154_0003.JPG 650426.206038 431622.763207 211.942556 0.400560 0.771499 173.388539
100_0154_0004.JPG 650423.392227 431600.557505 211.890037 0.250830 0.768953 173.065092
100_0154_0005.JPG 650420.964841 431576.561174 211.869020 0.106981 0.809133 173.453061
100_0154_0006.JPG 650418.208127 431552.958381 211.897407 -0.089841 0.872829 173.917300
100_0154_0007.JPG 650415.438006 431528.873557 211.898947 -0.221249 0.904080 173.933986
100_0154_0008.JPG 650412.786902 431505.023989 211.898237 -0.312383 0.917886 173.987582
100_0154_0009.JPG 650409.940700 431480.999420 211.911281 -0.431730 0.957252 174.069028
100_0154_0010.JPG 650407.146295 431457.164575 211.913164 -0.490525 0.991512 174.354683
100_0154_0011.JPG 650404.277900 431433.081274 211.939572 -0.509611 1.020420 174.579415
100_0154_0012.JPG 650401.592784 431409.462299 211.896465 -0.543649 1.034885 174.487217
100_0154_0013.JPG 650398.730001 431385.225845 211.908882 -0.550827 1.023529 174.257081
100_0154_0014.JPG 650395.937045 431361.484333 211.896093 -0.518111 1.079722 174.621627
100_0154_0015.JPG 650393.168800 431337.429407 211.925357 -0.453203 1.069474 174.750887
100_0154_0016.JPG 650390.380108 431313.731085 211.922598 -0.442559 1.044069 174.581535
100_0154_0017.JPG 650387.619157 431289.683556 211.953490 -0.417408 1.057783 174.708494
100_0154_0018.JPG 650384.885783 431265.973271 211.951633 -0.371458 1.059377 174.686903
100_0154_0019.JPG 650382.196656 431241.866121 211.896955 -0.378976 1.052567 174.990479
100_0154_0020.JPG 650379.297649 431217.860345 211.969786 -0.310981 1.044813 174.870314
100_0154_0021.JPG 650376.651779 431194.114422 211.952948 -0.192509 1.029521 174.990433
100_0154_0022.JPG 650373.874143 431170.091589 211.965021 -0.099494 1.020538 174.100999
100_0154_0023.JPG 650370.989467 431146.721700 211.874665 -0.052748 1.042055 174.866736
100_0154_0024.JPG 650368.215681 431122.304232 211.964732 -0.010584 1.067517 175.361757
100_0154_0025.JPG 650365.437664 431098.666071 211.890777 0.046635 1.063795 175.186060
100_0154_0026.JPG 650362.585233 431075.007749 211.818247 0.013158 1.021952 175.223530
100_0154_0027.JPG 650359.824171 431051.204190 211.903092 0.017817 1.027845 175.308126
100_0154_0028.JPG 650356.973988 431027.211685 211.927053 0.054803 0.979561 175.525348
100_0154_0029.JPG 650354.145774 431003.537651 211.865035 0.078234 0.959900 175.715457
100_0154_0030.JPG 650351.331536 430979.456565 211.844160 0.092557 0.954882 176.157868
100_0154_0031.JPG 650348.554619 430955.610209 211.879297 0.164984 0.901374 176.284678
100_0154_0032.JPG 650345.800438 430931.730378 211.909454 0.233068 0.881260 176.307301
100_0154_0033.JPG 650343.008421 430907.677289 211.854680 0.244010 0.865840 176.513259
100_0154_0034.JPG 650340.244196 430883.874196 211.853140 0.310920 0.826158 176.708735
100_0154_0035.JPG 650337.446548 430859.817793 211.801003 0.350066 0.836920 176.753973
100_0154_0036.JPG 650334.645511 430836.042366 211.923244 0.368299 0.814684 177.006394
100_0154_0037.JPG 650331.769686 430812.068940 211.906253 0.340972 0.817594 177.057127
100_0154_0038.JPG 650329.061770 430788.376684 211.905583 0.371984 0.777228 177.500694
100_0154_0039.JPG 650326.176770 430764.536984 211.892681 0.371336 0.768855 177.845333
100_0154_0040.JPG 650323.410507 430740.636585 211.905033 0.383900 0.727846 178.370179
100_0154_0041.JPG 650320.535085 430716.583686 211.877635 0.439163 0.673288 178.251679
100_0154_0042.JPG 650317.924426 430692.704766 211.871839 0.449600 0.650294 178.487334
100_0154_0043.JPG 650315.181741 430668.732927 211.871371 0.474984 0.640665 178.637085
100_0154_0044.JPG 650312.426785 430644.789202 211.973394 0.481412 0.631318 178.762116
100_0154_0045.JPG 650309.385371 430621.140740 211.825897 0.519491 0.609647 178.705932
100_0154_0046.JPG 650306.634677 430597.681940 211.831864 0.589322 0.617930 179.117061
100_0154_0047.JPG 650303.966110 430573.211809 211.919862 0.602116 0.665884 179.429597
100_0154_0048.JPG 650301.286486 430549.317864 211.924300 0.629245 0.702610 179.426924
100_0154_0049.JPG 650298.544191 430525.506116 211.936254 0.695048 0.706783 179.294987
100_0154_0050.JPG 650295.638680 430501.788572 211.863069 0.704142 0.743085 179.501050
100_0154_0051.JPG 650292.716782 430477.718768 211.907751 0.725746 0.774722 178.155237
100_0154_0052.JPG 650290.158860 430457.682359 211.877946 0.806710 0.713166 177.397488
100_0154_0053.JPG 650291.117324 430449.779026 211.835823 0.228471 0.919254 -137.586991
100_0154_0054.JPG 650305.922623 430449.408140 211.757279 -0.382291 0.952357 -99.260670
100_0154_0055.JPG 650324.667074 430445.967288 212.074958 -0.508096 1.161502 -98.355942
100_0154_0056.JPG 650327.330421 430452.353709 211.845257 -0.525554 -0.576236 -18.034608
100_0154_0057.JPG 650329.812360 430472.066892 211.797649 -0.644149 -0.882897 -10.663490
100_0154_0058.JPG 650332.577284 430495.814533 211.902195 -0.792926 -0.873854 -9.899717
100_0154_0059.JPG 650335.325587 430519.546269 211.879021 -0.857497 -0.886551 -9.740981
100_0154_0060.JPG 650338.096538 430543.664584 211.835511 -0.882716 -0.862952 -10.384379
100_0154_0061.JPG 650340.882007 430567.298115 211.890486 -0.880015 -0.865525 -11.112366
100_0154_0062.JPG 650343.683485 430591.495065 211.898599 -0.896392 -0.848192 -11.591284
100_0154_0063.JPG 650346.411156 430615.363104 211.920506 -0.880090 -0.851670 -11.667003
100_0154_0064.JPG 650349.231687 430639.180284 211.924119 -0.905557 -0.866643 -11.935327
100_0154_0065.JPG 650352.092473 430663.220150 211.899057 -0.975409 -0.877488 -12.392026
100_0154_0066.JPG 650354.857590 430687.131077 211.897175 -0.987211 -0.904341 -12.363405
100_0154_0067.JPG 650357.545795 430710.876882 211.816800 -0.985260 -0.955818 -9.825269
100_0154_0068.JPG 650360.359382 430734.768589 211.850521 -1.044373 -0.960287 -8.624689
100_0154_0069.JPG 650363.214443 430758.854062 211.905510 -1.020281 -0.926786 -8.730514
100_0154_0070.JPG 650365.973975 430782.609277 211.901896 -1.002912 -0.925324 -8.645547
100_0154_0071.JPG 650368.722688 430806.489908 211.866774 -1.040533 -0.929748 -8.735533
100_0154_0072.JPG 650371.556895 430830.547762 211.871870 -1.083386 -0.935910 -8.595817
100_0154_0073.JPG 650374.377188 430854.226195 211.875204 -1.085307 -0.883924 -8.495894
100_0154_0074.JPG 650377.230182 430878.229072 211.874272 -1.123686 -0.835245 -8.416935
100_0154_0075.JPG 650379.993744 430902.028084 211.883117 -1.105918 -0.780019 -8.048610
100_0154_0076.JPG 650382.799050 430926.084415 211.900320 -1.116511 -0.753638 -7.687557
100_0154_0077.JPG 650385.535620 430949.727427 211.914468 -1.110213 -0.717045 -7.261287
100_0154_0078.JPG 650388.352963 430973.863335 211.914869 -1.104235 -0.749399 -7.089605
100_0154_0079.JPG 650391.120779 430997.638164 211.881553 -1.101509 -0.725973 -6.764778
100_0154_0080.JPG 650393.877283 431021.685895 211.882521 -1.103282 -0.769383 -6.195113
100_0154_0081.JPG 650396.690269 431045.444920 211.882744 -1.065294 -0.750615 -5.684547
100_0154_0082.JPG 650399.490052 431069.341815 211.900662 -1.044041 -0.758274 -5.509924
100_0154_0083.JPG 650402.317670 431093.223925 211.892902 -1.030622 -0.774199 -4.788043
100_0154_0084.JPG 650405.098160 431117.052274 211.904416 -1.038515 -0.773713 -4.640489
100_0154_0085.JPG 650407.906909 431141.144428 211.912473 -1.067239 -0.730850 -3.906511
100_0154_0086.JPG 650410.622011 431164.749583 211.902967 -1.040113 -0.779262 -3.618890
100_0154_0087.JPG 650413.446656 431188.883200 211.939554 -0.990705 -0.762715 -3.048038
100_0154_0088.JPG 650416.199996 431212.640695 211.934813 -0.994756 -0.739986 -2.402655
100_0154_0089.JPG 650419.052371 431236.688833 211.936149 -0.974895 -0.725834 -2.108406
100_0154_0090.JPG 650421.845906 431260.527090 211.934962 -0.970045 -0.715350 -1.621275
100_0154_0091.JPG 650424.682840 431284.390957 211.924000 -1.025968 -0.682153 -3.781246
100_0154_0092.JPG 650427.386387 431308.317810 211.899705 -1.029529 -0.634785 -5.201748
100_0154_0093.JPG 650430.085485 431332.201579 211.862427 -1.005391 -0.625748 -4.859059
100_0154_0094.JPG 650432.897342 431356.045753 211.940297 -1.052543 -0.581776 -4.425427
100_0154_0095.JPG 650435.655892 431379.852719 211.914219 -1.064623 -0.599874 -3.723211
100_0154_0096.JPG 650438.443318 431403.671466 211.892795 -1.043639 -0.618929 -3.749742
100_0154_0097.JPG 650441.086833 431427.548690 211.859330 -1.060719 -0.640537 -3.521634
100_0154_0098.JPG 650443.941054 431451.814401 211.886885 -1.046354 -0.704592 -2.898173
100_0154_0099.JPG 650446.774530 431475.567521 211.913318 -0.994907 -0.771753 -2.278469
100_0154_0100.JPG 650449.638950 431499.546104 211.880946 -0.958338 -0.789316 -1.914190
100_0154_0101.JPG 650452.437544 431523.228954 211.872968 -0.966944 -0.806466 -1.743349
100_0154_0102.JPG 650455.241463 431547.326471 211.902713 -0.952201 -0.814247 -1.219505
100_0154_0103.JPG 650458.067111 431571.194479 211.934719 -0.943483 -0.844005 -0.899153
100_0154_0104.JPG 650460.897939 431594.989184 211.969476 -0.937282 -0.848025 -0.601450
100_0154_0105.JPG 650463.618301 431618.690088 211.939065 -0.934779 -0.865012 -0.274411
100_0154_0106.JPG 650466.259715 431637.230916 211.944807 -0.933543 -0.855483 1.575295
100_0154_0107.JPG 650472.038002 431637.187403 211.881529 -1.020186 0.008745 -84.275111
100_0154_0108.JPG 650491.115057 431636.170839 211.987777 -0.879910 0.430439 -92.479007
100_0154_0109.JPG 650503.176463 431632.508170 212.029390 -0.618916 0.799779 -104.694373
100_0154_0110.JPG 650501.620203 431620.727439 211.778400 0.380805 0.577036 -178.841306
100_0154_0111.JPG 650498.638089 431601.268516 211.824570 0.615094 0.450758 176.601388
100_0154_0112.JPG 650496.432637 431577.063258 211.860261 0.820711 0.431580 176.001513
100_0154_0113.JPG 650493.710604 431553.199165 211.870913 0.985999 0.360964 174.367537
100_0154_0114.JPG 650490.902690 431529.021769 211.888862 1.023490 0.318068 174.298819
100_0154_0115.JPG 650488.161090 431505.208054 211.857131 1.095819 0.369609 173.552580
100_0154_0116.JPG 650485.338535 431481.498533 211.860305 1.125805 0.367590 173.246878
100_0154_0117.JPG 650482.501298 431457.543409 211.918638 1.165785 0.327467 173.081046
100_0154_0118.JPG 650479.720339 431433.662728 211.919515 1.200578 0.303052 172.473491
100_0154_0119.JPG 650476.860142 431409.769330 211.919099 1.222914 0.312500 172.554703
100_0154_0120.JPG 650474.065306 431385.671337 211.922248 1.271617 0.292975 172.325452
100_0154_0121.JPG 650471.334890 431361.907054 211.923210 1.259541 0.252533 172.098085
100_0154_0122.JPG 650468.592794 431337.845166 211.944484 1.259871 0.230073 171.765631
100_0154_0123.JPG 650465.733363 431313.938423 211.920772 1.277868 0.186583 171.265709
100_0154_0124.JPG 650462.992015 431290.074275 211.933662 1.263683 0.159242 171.380841
100_0154_0125.JPG 650460.217782 431266.078039 211.919812 1.269244 0.122646 170.891801
100_0154_0126.JPG 650457.348353 431242.412069 211.870642 1.251516 0.122166 170.270395
100_0154_0127.JPG 650454.582540 431218.772829 211.864701 1.218013 0.152082 170.841201
100_0154_0128.JPG 650451.776376 431194.649446 211.937516 1.124399 0.174502 170.431187
100_0154_0129.JPG 650449.157552 431170.670003 211.901047 1.081012 0.213654 170.643859
100_0154_0130.JPG 650446.547796 431146.818120 211.977695 1.082497 0.193619 169.668309
100_0154_0131.JPG 650443.786865 431122.761319 211.966279 1.110658 0.229535 169.551314
100_0154_0132.JPG 650440.818645 431098.604259 211.957524 1.118017 0.232923 169.520168
100_0154_0133.JPG 650437.914046 431074.951096 211.903746 1.087464 0.274134 170.057194
100_0154_0134.JPG 650435.014012 431051.361371 211.905340 1.084900 0.307927 170.426512
100_0154_0135.JPG 650432.222342 431027.517799 211.842536 1.074365 0.329052 170.099506
100_0154_0136.JPG 650429.466384 431003.724923 211.880468 1.064812 0.349664 170.575993
100_0154_0137.JPG 650426.677751 430979.899840 211.886344 1.078574 0.376037 170.864839
100_0154_0138.JPG 650423.851357 430955.965959 211.902396 1.044879 0.382778 171.077009
100_0154_0139.JPG 650421.136623 430931.944192 211.942485 1.053368 0.378611 171.420910
100_0154_0140.JPG 650418.462526 430907.982487 211.880689 0.996519 0.369711 171.755787
100_0154_0141.JPG 650415.678788 430884.347427 211.923935 0.991220 0.354281 171.576540
100_0154_0142.JPG 650412.754781 430860.219572 211.925028 0.962930 0.362772 171.932389
100_0154_0143.JPG 650409.965723 430836.426793 211.917699 0.968675 0.387562 172.331708
100_0154_0144.JPG 650407.085560 430812.325747 211.907681 0.949114 0.413681 172.472055
100_0154_0145.JPG 650404.321049 430788.680460 211.858176 0.931157 0.424720 172.679189
100_0154_0146.JPG 650401.580103 430764.661920 211.870825 0.898348 0.417129 173.253239
100_0154_0147.JPG 650398.863017 430740.788252 211.885319 0.847443 0.411611 173.127825
100_0154_0148.JPG 650395.997838 430716.870155 211.887428 0.832829 0.406719 173.330401
100_0154_0149.JPG 650393.194836 430692.929237 211.883230 0.830932 0.419617 173.460007
100_0154_0150.JPG 650390.428516 430669.227347 211.886610 0.857784 0.406725 173.762551
100_0154_0151.JPG 650387.589385 430645.221142 211.899853 0.848253 0.392386 174.171554
100_0154_0152.JPG 650384.836369 430621.340522 211.877094 0.834479 0.386133 174.022765
100_0154_0153.JPG 650382.106178 430597.620599 211.862687 0.833763 0.399814 174.004124
100_0154_0154.JPG 650379.354714 430573.339139 211.885285 0.829907 0.410976 174.296104
100_0154_0155.JPG 650376.533720 430549.646850 211.881741 0.820578 0.446384 174.353801
100_0154_0156.JPG 650373.766533 430525.749445 211.892104 0.793829 0.467104 174.103156
100_0154_0157.JPG 650370.995245 430501.644785 211.885572 0.850382 0.457428 174.170761
100_0154_0158.JPG 650368.113180 430477.735459 211.914512 0.893901 0.454011 174.163056
100_0154_0159.JPG 650365.473381 430456.276957 211.880270 1.057845 0.450421 174.236615
100_0154_0160.JPG 650363.683558 430441.041886 211.912506 1.137363 0.438184 174.274622
100_0162_0001.JPG 650567.764842 432833.282648 212.032828 0.703612 0.431658 175.873548
100_0162_0002.JPG 650565.651986 432822.253016 211.976996 0.723922 0.575446 176.060549
100_0162_0003.JPG 650563.889407 432801.439823 211.967005 0.692914 0.640432 176.253243
100_0162_0004.JPG 650561.154363 432776.778190 211.917061 0.684639 0.644315 174.324040
100_0162_0005.JPG 650558.307510 432752.470200 211.921383 0.593435 0.673125 173.370468
100_0162_0006.JPG 650555.402843 432727.973556 211.951994 0.534427 0.683037 173.401794
100_0162_0007.JPG 650552.526007 432703.381776 211.941250 0.456837 0.702248 172.733495
100_0162_0008.JPG 650549.740613 432679.081594 211.883533 0.413372 0.671958 173.145544
100_0162_0009.JPG 650546.961137 432654.756269 211.914896 0.425209 0.642032 171.628976
100_0162_0010.JPG 650544.028782 432630.079011 211.936260 0.394206 0.642043 171.779963
100_0162_0011.JPG 650541.232057 432605.692688 211.943331 0.384536 0.670885 171.727994
100_0162_0012.JPG 650538.442462 432581.203924 211.943473 0.402886 0.652518 170.595023
100_0162_0013.JPG 650535.517714 432556.631776 211.959605 0.416276 0.632043 170.698217
100_0162_0014.JPG 650532.600935 432532.360712 211.948726 0.436779 0.655745 170.840224
100_0162_0015.JPG 650529.835849 432507.962854 211.947428 0.435975 0.660401 170.032221
100_0162_0016.JPG 650526.985435 432483.222501 211.935700 0.439904 0.634159 169.296619
100_0162_0017.JPG 650524.083019 432458.849660 211.931834 0.464521 0.631021 169.434047
100_0162_0018.JPG 650521.101540 432434.279186 211.936375 0.472960 0.599503 169.803719
100_0162_0019.JPG 650518.368033 432409.858864 211.984166 0.447870 0.575468 169.709114
100_0162_0020.JPG 650515.501167 432385.241382 212.009382 0.494387 0.569347 169.299123
100_0162_0021.JPG 650512.611821 432360.976307 211.986056 0.538729 0.503265 168.837177
100_0162_0022.JPG 650509.786917 432336.436136 211.991652 0.532728 0.469697 168.749007
100_0162_0023.JPG 650506.909755 432312.294777 211.963810 0.557819 0.447901 168.728136
100_0162_0024.JPG 650504.034972 432287.770480 211.944996 0.539156 0.389459 168.582489
100_0162_0025.JPG 650501.240834 432263.196604 211.944457 0.584789 0.375200 169.182721
100_0162_0026.JPG 650498.449488 432238.699412 211.941152 0.607565 0.327246 168.228442
100_0162_0027.JPG 650495.711098 432214.002908 211.928334 0.599417 0.352750 168.146121
100_0162_0028.JPG 650492.769504 432189.899182 211.918505 0.580126 0.341579 168.982538
100_0162_0029.JPG 650489.946629 432165.214492 211.926686 0.590842 0.326753 168.356631
100_0162_0030.JPG 650487.088448 432140.891666 211.911624 0.623004 0.330456 168.579856
100_0162_0031.JPG 650484.285817 432116.499856 211.916901 0.636718 0.329371 168.432302
100_0162_0032.JPG 650481.398335 432091.713032 211.934441 0.696024 0.325869 168.140905
100_0162_0033.JPG 650478.527037 432067.377012 211.918542 0.709108 0.314389 167.962765
100_0162_0034.JPG 650475.779720 432042.931424 211.939456 0.734024 0.308683 167.767842
100_0162_0035.JPG 650472.954956 432018.244235 212.076253 0.779750 0.333353 167.837308
100_0162_0036.JPG 650470.025670 431993.577441 212.007422 0.818721 0.343621 167.746366
100_0162_0037.JPG 650467.033164 431969.537818 211.879465 0.877032 0.369851 168.174726
100_0162_0038.JPG 650464.183430 431944.889882 211.885426 0.928314 0.380126 169.048239
100_0162_0039.JPG 650461.255436 431920.535188 211.914862 0.957633 0.372053 168.532426
100_0162_0040.JPG 650458.518147 431896.039320 211.930906 0.997965 0.380522 168.824621
100_0162_0041.JPG 650455.680255 431871.476839 211.913702 1.069898 0.415390 168.199871
100_0162_0042.JPG 650452.705299 431847.101479 211.864101 1.076178 0.428803 169.213666
100_0162_0043.JPG 650449.939869 431822.824686 211.907156 1.108437 0.451165 169.163618
100_0162_0044.JPG 650447.048270 431798.494828 211.921909 1.144171 0.434134 169.121967
100_0162_0045.JPG 650444.196060 431774.177951 211.905287 1.185446 0.414094 169.375829
100_0162_0046.JPG 650441.216563 431749.824857 211.902244 1.109957 0.421811 169.944537
100_0162_0047.JPG 650438.398579 431725.353893 211.963719 1.082254 0.445342 170.069818
100_0162_0048.JPG 650435.546446 431700.927996 211.915973 1.054930 0.450961 170.268118
100_0162_0049.JPG 650432.576224 431676.486701 211.894413 0.994262 0.434228 170.791122
100_0162_0050.JPG 650429.854987 431651.959010 211.899149 1.037272 0.471619 171.932000
100_0162_0051.JPG 650430.202229 431641.515091 211.843285 0.710702 0.569657 -160.965929
100_0162_0052.JPG 650446.075195 431640.878842 211.787788 -0.236361 0.490801 -104.878245
100_0162_0053.JPG 650465.095070 431637.585945 212.137943 -0.309424 0.621183 -101.922465
100_0162_0054.JPG 650467.061137 431647.396928 211.923831 -0.468121 -0.551088 -15.935085
100_0162_0055.JPG 650470.052939 431672.038728 211.861490 -0.598448 -0.671453 -11.043585
100_0162_0056.JPG 650472.903854 431696.169754 211.934281 -0.727599 -0.700316 -11.047360
100_0162_0057.JPG 650475.761286 431720.818366 211.916605 -0.827221 -0.725960 -10.577584
100_0162_0058.JPG 650478.599831 431745.155725 211.913127 -0.879680 -0.732630 -10.034757
100_0162_0059.JPG 650481.489393 431769.816064 211.993313 -0.968350 -0.727902 -9.639688
100_0162_0060.JPG 650484.307687 431794.259085 211.940841 -1.036005 -0.708174 -9.324037
100_0162_0061.JPG 650487.128685 431818.588417 211.941491 -1.053506 -0.709769 -9.209281
100_0162_0062.JPG 650490.012767 431843.088205 211.947646 -1.100275 -0.707108 -9.384897
100_0162_0063.JPG 650492.799008 431867.541618 211.929960 -1.058739 -0.689392 -9.339882
100_0162_0064.JPG 650495.661463 431891.853171 211.979903 -1.107782 -0.675389 -9.161990
100_0162_0065.JPG 650498.528888 431916.253139 211.993229 -1.153362 -0.662850 -9.456632
100_0162_0066.JPG 650501.301571 431940.909803 212.011365 -1.190454 -0.656529 -8.780002
100_0162_0067.JPG 650504.248285 431965.285148 211.980636 -1.250120 -0.646010 -8.627598
100_0162_0068.JPG 650506.979818 431989.869508 211.925147 -1.297494 -0.637409 -8.232288
100_0162_0069.JPG 650509.744398 432014.192624 211.838429 -1.268407 -0.630074 -8.264789
100_0162_0070.JPG 650512.648633 432038.765552 211.888728 -1.259383 -0.643872 -8.303963
100_0162_0071.JPG 650515.385166 432063.064675 211.889935 -1.182234 -0.672751 -8.138927
100_0162_0072.JPG 650518.278777 432087.448744 211.885356 -1.158332 -0.747829 -7.928468
100_0162_0073.JPG 650521.255101 432112.142163 211.947350 -1.138934 -0.795332 -7.848553
100_0162_0074.JPG 650524.164096 432136.507712 211.927570 -1.135321 -0.765135 -7.411964
100_0162_0075.JPG 650527.036666 432161.204801 211.913530 -1.149291 -0.729241 -7.017556
100_0162_0076.JPG 650529.807285 432185.552062 211.905895 -1.178990 -0.771367 -6.386936
100_0162_0077.JPG 650532.654607 432210.104172 211.921739 -1.139708 -0.789575 -5.951194
100_0162_0078.JPG 650535.498585 432234.421783 211.932030 -1.131347 -0.798431 -5.487102
100_0162_0079.JPG 650538.467636 432259.094074 211.966243 -1.115714 -0.819170 -5.435870
100_0162_0080.JPG 650541.395248 432283.475815 211.962306 -1.128840 -0.809465 -4.946038
100_0162_0081.JPG 650544.134966 432307.970550 211.911927 -1.093712 -0.786143 -4.446267
100_0162_0082.JPG 650546.905678 432332.386698 211.878162 -1.103068 -0.793071 -3.883183
100_0162_0083.JPG 650549.734992 432356.737147 211.920138 -1.040175 -0.842670 -3.680541
100_0162_0084.JPG 650552.625898 432381.384230 211.942642 -1.008733 -0.842971 -3.237559
100_0162_0085.JPG 650555.459267 432405.698411 211.933504 -0.976333 -0.857904 -2.812605
100_0162_0086.JPG 650558.305682 432430.205336 211.924901 -0.970719 -0.860253 -2.566461
100_0162_0087.JPG 650561.206847 432454.523512 211.953621 -0.955728 -0.856048 -1.863977
100_0162_0088.JPG 650563.991411 432479.124752 211.940225 -0.982434 -0.904681 -1.454111
100_0162_0089.JPG 650566.979326 432503.580566 212.008503 -0.956813 -0.938517 -1.000917
100_0162_0090.JPG 650569.837800 432528.144574 211.963823 -0.938150 -0.928402 -0.779358
100_0162_0091.JPG 650572.716589 432552.400544 211.952314 -0.930580 -0.944902 -0.123874
100_0162_0092.JPG 650575.504645 432577.043158 211.911571 -0.922663 -0.975826 0.420300
100_0162_0093.JPG 650578.413237 432601.438278 211.973451 -0.923551 -0.941053 0.833598
100_0162_0094.JPG 650581.254932 432625.999069 211.955159 -0.874960 -0.923379 1.544460
100_0162_0095.JPG 650584.106548 432650.327084 211.941931 -0.898837 -0.906356 1.630389
100_0162_0096.JPG 650586.849746 432674.918554 211.932588 -0.887676 -0.884111 1.497989
100_0162_0097.JPG 650589.660539 432699.414166 211.902863 -0.949333 -0.828182 -2.314760
100_0162_0098.JPG 650592.445868 432723.775659 211.919504 -0.946186 -0.823546 -3.018093
100_0162_0099.JPG 650595.349525 432748.242928 212.018019 -0.934088 -0.846667 -2.662037
100_0162_0100.JPG 650598.246890 432772.623467 211.987818 -0.957753 -0.861257 -2.694314
100_0162_0101.JPG 650601.070301 432797.134343 211.981935 -0.945086 -0.877434 -2.292346
100_0162_0102.JPG 650603.988785 432818.681358 211.989823 -0.936526 -0.872715 -1.472063
100_0162_0103.JPG 650606.380902 432829.328867 211.955870 -1.118805 -0.658275 -25.723440
100_0162_0104.JPG 650619.651564 432828.794986 211.973442 -0.969004 0.124487 -91.643197
100_0162_0105.JPG 650639.702549 432825.636408 212.153455 -0.803802 0.686002 -95.842198
100_0162_0106.JPG 650641.057639 432818.598642 211.923087 0.391079 0.602632 -175.332568
100_0162_0107.JPG 650638.980579 432799.316374 211.924996 0.653029 0.494484 175.908282
100_0162_0108.JPG 650636.221637 432776.466328 211.918948 0.781342 0.384547 173.415053
100_0162_0109.JPG 650633.635146 432751.697380 211.905120 0.872173 0.337649 172.730309
100_0162_0110.JPG 650630.861456 432726.692178 211.927961 1.021344 0.339561 171.468992
100_0162_0111.JPG 650627.970924 432702.670241 211.918809 1.075888 0.334149 171.769780
100_0162_0112.JPG 650624.974236 432678.035346 211.974918 1.142530 0.350891 172.683612
100_0162_0113.JPG 650622.060122 432653.740368 211.939220 1.195727 0.357563 173.124953
100_0162_0114.JPG 650619.260967 432629.065320 211.946736 1.221109 0.323882 172.404225
100_0162_0115.JPG 650616.462284 432604.674132 211.950080 1.242862 0.325019 172.218245
100_0162_0116.JPG 650613.585318 432580.350529 211.927767 1.285979 0.295115 171.685067
100_0162_0117.JPG 650610.812171 432555.710267 211.957383 1.282293 0.301410 171.482162
100_0162_0118.JPG 650607.860091 432531.143156 211.951709 1.268681 0.283791 171.113243
100_0162_0119.JPG 650604.937857 432507.094447 211.918032 1.228184 0.276896 170.757277
100_0162_0120.JPG 650602.110712 432482.559264 211.917588 1.235806 0.263682 171.059248
100_0162_0121.JPG 650599.204923 432458.039656 211.975578 1.239854 0.222616 170.789291
100_0162_0122.JPG 650596.374786 432433.497999 211.960891 1.210448 0.207390 171.003854
100_0162_0123.JPG 650593.518946 432409.009007 211.983647 1.148350 0.187129 170.667203
100_0162_0124.JPG 650590.684518 432384.449321 211.927435 1.148597 0.183942 170.266129
100_0162_0125.JPG 650587.778125 432360.059311 211.941351 1.141504 0.173790 170.149270
100_0162_0126.JPG 650585.001146 432335.733476 211.963562 1.055979 0.181566 170.378476
100_0162_0127.JPG 650582.177747 432310.952554 211.991759 1.039422 0.161756 169.606500
100_0162_0128.JPG 650579.374497 432286.672065 211.938359 1.021267 0.170104 170.133497
100_0162_0129.JPG 650576.519770 432262.016275 211.951963 1.021404 0.175692 169.670811
100_0162_0130.JPG 650573.659256 432237.665735 211.950780 0.999245 0.208968 169.806586
100_0162_0131.JPG 650570.682966 432213.263127 211.901463 0.957833 0.220972 170.010985
100_0162_0132.JPG 650568.014950 432188.809579 211.926930 0.949436 0.210660 170.163888
100_0162_0133.JPG 650565.222841 432164.234707 211.980992 0.982994 0.231889 170.407663
100_0162_0134.JPG 650562.368685 432139.609405 211.986009 1.018365 0.287825 170.167815
100_0162_0135.JPG 650559.650225 432115.347809 211.908430 1.030846 0.306314 169.897208
100_0162_0136.JPG 650556.644762 432091.047622 211.927239 1.049797 0.296099 169.487406
100_0162_0137.JPG 650553.619847 432066.372617 211.930698 1.071267 0.337846 170.660231
100_0162_0138.JPG 650550.965649 432042.141131 211.964333 1.079176 0.395642 169.733549
100_0162_0139.JPG 650548.184900 432017.433481 211.970040 1.138761 0.430065 169.724406
100_0162_0140.JPG 650545.178946 431993.335819 211.917821 1.124098 0.466201 170.640682
100_0162_0141.JPG 650542.088318 431968.999731 211.922748 1.085120 0.482017 171.022920
100_0162_0142.JPG 650539.166975 431944.640049 211.928875 1.039712 0.476001 172.144646
100_0162_0143.JPG 650536.434576 431920.072207 211.893826 1.064817 0.466558 172.270188
100_0162_0144.JPG 650533.708562 431895.641249 211.869658 1.034850 0.492810 171.681200
100_0162_0145.JPG 650530.739166 431871.236000 211.873280 0.959282 0.489332 172.046635
100_0162_0146.JPG 650527.746935 431848.162561 211.924862 0.881242 0.512245 172.585054
100_0162_0147.JPG 650525.126089 431824.877379 211.916639 0.870144 0.508617 173.051044
100_0162_0148.JPG 650522.338393 431800.781828 211.910635 0.829082 0.525074 173.070672
100_0162_0149.JPG 650519.682248 431775.909886 211.928968 0.844013 0.529693 173.563779
100_0162_0150.JPG 650516.914331 431751.054727 211.894714 0.902105 0.502077 172.948635
100_0162_0151.JPG 650513.974888 431726.685975 211.921682 0.891415 0.470808 173.095259
100_0162_0152.JPG 650511.133933 431702.475605 211.928394 0.914122 0.466970 173.202475
100_0162_0153.JPG 650508.276848 431678.229080 211.924374 0.885933 0.451553 173.274145
100_0162_0154.JPG 650505.395881 431654.052047 211.893174 0.886368 0.465067 173.117859
100_0162_0155.JPG 650503.087762 431633.770360 212.017737 0.902012 0.464477 172.965234
DJI_0163.JPG 650483.210023 431648.664668 212.008920 44.025844 2.898531 4.677158
DJI_0164.JPG 650478.055202 431683.822104 212.035176 43.918924 2.278960 3.761854
DJI_0165.JPG 650476.593431 431718.044195 212.243596 43.867366 2.144461 3.487704
DJI_0166.JPG 650478.768591 431760.798085 212.191856 43.820531 1.961908 3.192739
DJI_0167.JPG 650482.084550 431795.086755 212.207774 43.815108 1.779198 2.918400
DJI_0168.JPG 650485.003516 431823.683273 212.147144 43.869081 1.990147 3.109344
100_0202_0001.JPG 650706.816136 434025.621395 209.178134 0.356687 0.914200 173.628668
100_0202_0002.JPG 650705.211691 434013.870926 209.031755 0.250302 1.040798 173.614352
100_0202_0003.JPG 650702.657426 433989.567187 209.064854 0.178330 1.104211 173.561061
100_0202_0004.JPG 650699.937970 433965.174924 209.026621 0.100097 1.157879 174.102382
100_0202_0005.JPG 650697.037911 433940.552486 209.002692 0.003059 1.204021 173.183839
100_0202_0006.JPG 650694.060613 433916.371018 208.949803 -0.099510 1.265873 174.075849
100_0202_0007.JPG 650691.244603 433892.021157 208.988033 -0.139487 1.300583 174.000306
100_0202_0008.JPG 650688.485521 433867.486236 208.981261 -0.210542 1.287399 174.165577
100_0202_0009.JPG 650685.762114 433842.963811 208.999362 -0.223818 1.296307 174.084941
100_0202_0010.JPG 650683.019984 433818.900952 208.978380 -0.207400 1.281603 174.005385
100_0202_0011.JPG 650679.983364 433794.353348 209.008117 -0.215865 1.288261 174.328616
100_0202_0012.JPG 650677.158970 433769.901488 209.019391 -0.199644 1.321921 174.879602
100_0202_0013.JPG 650674.293133 433745.263313 208.994656 -0.236542 1.320065 174.742155
100_0202_0014.JPG 650671.435921 433720.866773 208.969371 -0.208022 1.308274 174.892418
100_0202_0015.JPG 650668.566030 433696.102803 208.975563 -0.153098 1.296660 175.348654
100_0202_0016.JPG 650665.804635 433671.770068 208.995585 -0.093697 1.245741 175.184303
100_0202_0017.JPG 650662.901554 433647.170532 208.953694 -0.036169 1.197007 175.004500
100_0202_0018.JPG 650660.154358 433622.704906 208.999066 0.033967 1.148563 174.260045
100_0202_0019.JPG 650657.169875 433598.283907 209.085863 0.162870 1.112960 173.944823
100_0202_0020.JPG 650654.177401 433573.670206 209.017967 0.235528 1.055998 174.597959
100_0202_0021.JPG 650651.401440 433549.533997 208.925263 0.237958 1.035065 174.526873
100_0202_0022.JPG 650648.486790 433525.086933 208.989692 0.275634 1.016675 174.017905
100_0202_0023.JPG 650645.777121 433500.732337 209.042094 0.276620 1.015700 174.544110
100_0202_0024.JPG 650642.853897 433476.013625 209.044589 0.251159 0.969557 174.345332
100_0202_0025.JPG 650639.912907 433451.688751 209.027274 0.269018 0.929348 173.773290
100_0202_0026.JPG 650637.031990 433427.275944 209.012387 0.263482 0.895132 174.031058
100_0202_0027.JPG 650634.087284 433403.046563 208.962359 0.295658 0.888690 174.183416
100_0202_0028.JPG 650631.311649 433378.841843 208.907833 0.331838 0.900380 174.971196
100_0202_0029.JPG 650628.564965 433354.086639 208.969244 0.379151 0.906451 174.803892
100_0202_0030.JPG 650625.732978 433329.682753 208.993508 0.380864 0.913958 174.453052
100_0202_0031.JPG 650622.838093 433305.067020 208.994953 0.406553 0.890217 174.414866
100_0202_0032.JPG 650619.966092 433281.053494 208.934551 0.396975 0.885553 174.593176
100_0202_0033.JPG 650617.125924 433256.224381 208.969944 0.390569 0.877151 174.773347
100_0202_0034.JPG 650614.290392 433231.890039 208.942488 0.425310 0.869079 174.611264
100_0202_0035.JPG 650611.495049 433207.193681 208.962656 0.447273 0.838616 174.717011
100_0202_0036.JPG 650608.871705 433182.647278 208.990804 0.460241 0.843649 174.332351
100_0202_0037.JPG 650605.960790 433157.981318 209.040378 0.493147 0.827921 174.173374
100_0202_0038.JPG 650603.213389 433133.637832 209.041376 0.550476 0.800430 173.768061
100_0202_0039.JPG 650599.968598 433109.459379 209.006910 0.569954 0.775081 173.480397
100_0202_0040.JPG 650597.268978 433084.812892 209.013345 0.638862 0.759770 174.336499
100_0202_0041.JPG 650594.469343 433060.536050 209.023248 0.662494 0.732521 173.495831
100_0202_0042.JPG 650591.394601 433036.072222 208.981630 0.637962 0.702230 173.755016
100_0202_0043.JPG 650588.429960 433011.833392 208.966835 0.630120 0.713299 175.068683
100_0202_0044.JPG 650585.733954 432987.091994 208.972068 0.685822 0.691320 174.370930
100_0202_0045.JPG 650582.772618 432962.834623 208.918618 0.731265 0.646435 174.016793
100_0202_0046.JPG 650580.036871 432938.284550 208.951347 0.730031 0.611655 173.934746
100_0202_0047.JPG 650577.142350 432913.629510 209.052613 0.746384 0.627192 174.697329
100_0202_0048.JPG 650574.314564 432889.239456 208.949215 0.755059 0.616828 174.322824
100_0202_0049.JPG 650571.394595 432864.874257 208.932976 0.767990 0.607097 173.995947
100_0202_0050.JPG 650568.709554 432840.709762 209.025721 0.763051 0.607574 174.298030
100_0202_0051.JPG 650570.602912 432833.724391 208.879022 0.003301 0.768003 -130.626770
100_0202_0052.JPG 650587.094966 432832.700078 208.848677 -0.513919 0.592617 -101.603007
100_0202_0053.JPG 650604.579313 432829.402757 209.169348 -0.582158 0.686689 -99.037911
100_0202_0054.JPG 650606.246963 432840.991145 208.854311 -0.610522 -0.683414 -14.581118
100_0202_0055.JPG 650609.222460 432865.759869 208.894513 -0.649823 -0.778431 -10.037717
100_0202_0056.JPG 650612.046301 432889.987595 208.996724 -0.638153 -0.816104 -9.183815
100_0202_0057.JPG 650614.947790 432914.638104 209.011741 -0.677918 -0.837327 -9.332388
100_0202_0058.JPG 650617.705573 432938.766659 208.942389 -0.668989 -0.857837 -9.240580
100_0202_0059.JPG 650620.569096 432963.392497 208.968856 -0.671719 -0.862674 -9.220152
100_0202_0060.JPG 650623.484446 432987.764569 208.980093 -0.656231 -0.885766 -9.379743
100_0202_0061.JPG 650626.364455 433012.189435 208.951984 -0.669649 -0.892937 -9.258290
100_0202_0062.JPG 650629.140874 433036.621644 208.982347 -0.704276 -0.895583 -8.851253
100_0202_0063.JPG 650632.022786 433060.991802 209.001653 -0.753277 -0.905351 -8.566965
100_0202_0064.JPG 650634.922971 433085.605807 208.992637 -0.780169 -0.871374 -8.355475
100_0202_0065.JPG 650637.830528 433110.050846 208.997155 -0.810331 -0.844719 -7.987909
100_0202_0066.JPG 650640.728379 433134.438543 209.003578 -0.852674 -0.799961 -7.097785
100_0202_0067.JPG 650643.543440 433159.025432 208.980998 -0.868918 -0.772512 -6.676832
100_0202_0068.JPG 650646.359007 433183.391536 208.961644 -0.886883 -0.744479 -5.827177
100_0202_0069.JPG 650649.172569 433208.097151 208.991211 -0.918799 -0.732173 -4.875578
100_0202_0070.JPG 650651.850662 433232.247329 208.955955 -0.890737 -0.701539 -4.381821
100_0202_0071.JPG 650654.701087 433256.903720 208.983308 -0.897914 -0.733192 -3.419397
100_0202_0072.JPG 650657.637370 433281.370338 209.004101 -0.890141 -0.726028 -2.614886
100_0202_0073.JPG 650660.484590 433305.889977 208.941294 -0.883663 -0.764099 -2.138036
100_0202_0074.JPG 650663.432139 433330.282137 208.926722 -0.913305 -0.774372 -0.765514
100_0202_0075.JPG 650666.372414 433354.786556 208.968583 -0.866719 -0.833859 0.195997
100_0202_0076.JPG 650669.141469 433379.115568 208.916657 -0.831587 -0.858757 1.083995
100_0202_0077.JPG 650671.948353 433403.458734 208.970734 -0.838728 -0.876564 1.896593
100_0202_0078.JPG 650674.880523 433428.163591 208.988212 -0.852096 -0.880778 2.899068
100_0202_0079.JPG 650677.593842 433452.388304 208.977555 -0.833571 -0.860128 3.759726
100_0202_0080.JPG 650680.549667 433476.718673 209.046463 -0.842952 -0.867242 4.439703
100_0202_0081.JPG 650683.418735 433501.416172 209.085198 -0.889150 -0.879032 5.281168
100_0202_0082.JPG 650686.234177 433525.785561 209.035826 -0.949324 -0.834557 2.487190
100_0202_0083.JPG 650689.153714 433550.512017 209.056389 -1.077906 -0.780537 -4.806435
100_0202_0084.JPG 650692.024378 433574.844489 209.003844 -1.065714 -0.757071 -3.654521
100_0202_0085.JPG 650694.622941 433599.530142 208.945955 -1.053301 -0.726524 -3.191032
100_0202_0086.JPG 650697.458167 433623.790941 208.933868 -1.042881 -0.741208 -3.104522
100_0202_0087.JPG 650700.298303 433648.205997 208.978308 -1.026568 -0.793103 -2.687466
100_0202_0088.JPG 650703.210348 433672.901491 209.003491 -0.991400 -0.795075 -2.596035
100_0202_0089.JPG 650706.396630 433697.143584 209.088746 -0.934596 -0.788724 -2.190908
100_0202_0090.JPG 650708.942295 433721.496243 208.979133 -0.918573 -0.768539 -2.377042
100_0202_0091.JPG 650712.003461 433746.150407 208.966794 -0.912171 -0.753970 -2.298988
100_0202_0092.JPG 650714.809839 433770.408507 208.967608 -0.890320 -0.710929 -2.201052
100_0202_0093.JPG 650717.710396 433795.075549 208.978314 -0.938713 -0.716419 -2.157103
100_0202_0094.JPG 650720.595080 433819.485861 209.041464 -0.963858 -0.748193 -2.427745
100_0202_0095.JPG 650723.582878 433843.968069 209.049231 -0.975393 -0.745386 -2.254347
100_0202_0096.JPG 650726.460075 433868.383482 209.034221 -0.976295 -0.766483 -1.675567
100_0202_0097.JPG 650729.277355 433892.885345 208.966528 -0.993987 -0.779318 -1.872233
100_0202_0098.JPG 650732.071795 433917.218100 209.010515 -1.024254 -0.746461 -2.024739
100_0202_0099.JPG 650734.982163 433941.821696 209.073671 -1.046126 -0.728565 -2.544055
100_0202_0100.JPG 650737.673304 433966.100981 209.029821 -1.034118 -0.696451 -2.214863
100_0202_0101.JPG 650740.523991 433990.785044 209.020112 -1.061157 -0.662726 -2.496143
100_0202_0102.JPG 650743.319107 434014.523483 208.977003 -1.060579 -0.647796 -2.233467
100_0202_0103.JPG 650747.420155 434020.650440 208.908606 -1.177846 -0.241868 -65.020179
100_0202_0104.JPG 650764.431326 434020.215092 209.018835 -0.853435 0.324490 -94.423444
100_0202_0105.JPG 650781.157736 434016.623151 209.123118 -0.664797 0.865060 -98.843522
100_0202_0106.JPG 650779.307447 434005.734044 208.829480 0.508615 0.455518 174.832643
100_0202_0107.JPG 650777.185677 433981.794002 208.981749 0.752118 0.383380 168.866030
100_0202_0108.JPG 650774.758103 433957.241184 209.016648 0.867431 0.227620 165.947348
100_0202_0109.JPG 650771.763957 433932.759775 209.006837 0.950951 0.248258 169.240757
100_0202_0110.JPG 650768.666124 433908.500424 208.940308 1.050577 0.327796 171.049509
100_0202_0111.JPG 650765.784567 433884.044498 209.010017 1.129401 0.379427 170.892312
100_0202_0112.JPG 650762.990627 433859.833704 208.962150 1.134275 0.398239 169.982603
100_0202_0113.JPG 650760.152759 433835.376352 209.009158 1.165061 0.411396 169.421773
100_0202_0114.JPG 650757.234147 433811.075552 209.026037 1.218863 0.397101 169.505437
100_0202_0115.JPG 650754.345824 433786.612518 209.054785 1.289893 0.350211 168.790177
100_0202_0116.JPG 650751.595384 433762.173200 209.045188 1.250283 0.338266 169.064660
100_0202_0117.JPG 650748.706650 433737.525309 209.002007 1.231288 0.327201 169.267378
100_0202_0118.JPG 650745.825257 433713.169740 208.998537 1.279999 0.266666 168.557252
100_0202_0119.JPG 650742.993244 433688.714311 208.997103 1.323877 0.216275 168.405116
100_0202_0120.JPG 650740.110570 433664.279939 208.930843 1.342699 0.188944 167.635296
100_0202_0121.JPG 650737.296266 433640.025026 208.945117 1.335319 0.193495 167.687012
100_0202_0122.JPG 650734.475704 433615.495256 208.967521 1.295440 0.196571 167.456254
100_0202_0123.JPG 650731.799899 433590.912180 209.037915 1.283048 0.158739 166.923539
100_0202_0124.JPG 650728.674736 433566.417967 209.025437 1.250483 0.201394 166.143848
100_0202_0125.JPG 650725.993478 433541.499230 209.082959 1.276732 0.192338 166.408193
100_0202_0126.JPG 650722.983810 433517.110796 209.024246 1.247255 0.205436 166.253072
100_0202_0127.JPG 650720.112522 433492.631090 208.982516 1.186887 0.271113 169.230912
100_0202_0128.JPG 650717.216600 433468.235370 209.026543 1.216112 0.323596 170.508321
100_0202_0129.JPG 650714.254136 433444.551332 208.883158 1.191271 0.370100 171.193481
100_0202_0130.JPG 650711.436732 433420.034923 208.969320 1.193878 0.393830 170.679447
100_0202_0131.JPG 650708.651577 433395.829799 209.019574 1.182517 0.402835 171.092237
100_0202_0132.JPG 650705.823474 433371.218590 209.025536 1.209468 0.371104 171.391961
100_0202_0133.JPG 650703.061742 433346.913497 208.992581 1.183772 0.382864 171.501038
100_0202_0134.JPG 650701.786120 433334.909441 208.874130 1.084918 0.200929 171.118203
100_0202_0135.JPG 650699.084022 433323.285120 208.941955 1.189403 0.400308 172.099058
100_0202_0136.JPG 650696.769920 433300.643779 208.967115 1.191894 0.504359 173.140683
100_0202_0137.JPG 650694.521942 433275.790299 208.998579 1.211249 0.486658 172.796944
100_0202_0138.JPG 650691.753118 433251.223098 208.981338 1.203804 0.482198 173.459075
100_0202_0139.JPG 650688.996252 433226.949600 209.001649 1.148690 0.517638 173.653165
100_0202_0140.JPG 650686.257453 433202.528870 208.949602 1.123484 0.550167 174.040769
100_0202_0141.JPG 650683.494484 433178.049306 208.970919 1.126427 0.534898 173.992237
100_0202_0142.JPG 650680.631740 433153.530733 208.983546 1.075214 0.495164 174.117463
100_0202_0143.JPG 650677.782688 433129.096798 208.967080 1.070087 0.499038 174.116920
100_0202_0144.JPG 650674.920797 433104.397714 209.032439 1.040354 0.516016 173.590810
100_0202_0145.JPG 650672.073397 433079.918253 209.019617 1.004385 0.539725 173.893179
100_0202_0146.JPG 650669.265050 433055.649639 209.031150 0.988307 0.572455 173.994478
100_0202_0147.JPG 650666.360760 433031.419439 208.967018 1.018103 0.587265 173.915060
100_0202_0148.JPG 650663.537128 433006.842373 208.986872 1.023633 0.591815 174.261706
100_0202_0149.JPG 650660.624263 432982.345798 209.026045 1.023193 0.591593 174.170812
100_0202_0150.JPG 650657.521118 432957.677965 209.042803 1.049485 0.613760 174.354592
100_0202_0151.JPG 650654.617574 432933.467094 208.982226 1.007179 0.619323 174.474306
100_0202_0152.JPG 650651.846915 432909.030763 208.938637 0.972934 0.597334 174.852981
100_0202_0153.JPG 650649.087743 432884.319519 208.940551 0.975869 0.581597 175.035327
100_0202_0154.JPG 650646.227794 432859.916226 209.016255 0.955081 0.576902 174.642860
100_0202_0155.JPG 650643.336342 432835.444868 208.998407 0.972770 0.567379 175.183365
DJI_0203.JPG 650644.007511 432848.967024 208.979013 44.999829 -5.991149 -4.977105
DJI_0204.JPG 650648.991416 432909.585643 209.200050 44.810950 -5.367020 -4.543515
DJI_0205.JPG 650651.706453 432945.215154 209.108317 44.803287 -5.032452 -4.248996
DJI_0206.JPG 650659.685403 433048.005937 209.031630 44.888917 -4.007033 -3.257534
DJI_0207.JPG 650663.673708 433098.495955 209.028275 44.990317 -3.315188 -2.506080
DJI_0208.JPG 650667.240136 433143.438540 209.024928 45.113801 -2.422305 -1.524384
DJI_0209.JPG 650670.441603 433181.805429 209.117808 45.147009 -1.779664 -0.775151
DJI_0210.JPG 650672.790683 433211.996899 209.047692 45.125843 -1.082023 0.013011
DJI_0211.JPG 650676.201103 433256.084828 209.032178 45.133475 -0.271905 0.833245
100_0212_0001.JPG 650839.309087 435211.987502 209.110419 0.566389 0.906109 -170.251962
100_0212_0002.JPG 650839.659097 435203.988696 209.081555 0.490789 0.995666 -175.315253
100_0212_0003.JPG 650838.552555 435182.890649 209.017722 0.454339 0.918662 -177.778333
100_0212_0004.JPG 650837.650327 435158.913658 208.998587 0.414106 0.858150 179.215288
100_0212_0005.JPG 650835.732369 435134.868933 209.045795 0.328514 0.821393 177.182750
100_0212_0006.JPG 650833.342817 435111.222456 209.020660 0.302735 0.809481 175.358177
100_0212_0007.JPG 650831.032154 435087.263879 209.038545 0.241111 0.830321 174.214544
100_0212_0008.JPG 650828.300991 435063.318396 209.052537 0.178935 0.859023 172.592275
100_0212_0009.JPG 650825.282217 435039.403485 209.023767 0.128913 0.878948 172.257940
100_0212_0010.JPG 650822.573467 435015.551715 209.037499 0.048874 0.924855 172.167676
100_0212_0011.JPG 650819.901655 434991.586084 209.004993 0.047645 0.930829 170.590339
100_0212_0012.JPG 650817.118665 434967.707637 209.090464 0.065519 0.956513 169.381534
100_0212_0013.JPG 650814.268736 434943.707809 209.056979 0.067118 0.978282 169.984236
100_0212_0014.JPG 650811.555446 434920.009805 209.060479 0.036699 0.999941 169.385181
100_0212_0015.JPG 650808.754768 434895.931075 209.052980 0.070844 1.031007 168.891427
100_0212_0016.JPG 650805.847372 434872.295514 209.025157 0.152376 1.026093 168.903817
100_0212_0017.JPG 650803.000222 434848.162776 209.062783 0.189215 1.020825 168.905251
100_0212_0018.JPG 650800.180937 434824.396274 209.016408 0.158272 1.013563 168.599406
100_0212_0019.JPG 650797.419656 434800.217901 209.014755 0.234344 0.993367 167.774652
100_0212_0020.JPG 650794.657384 434776.548477 208.974287 0.244640 0.994453 167.749572
100_0212_0021.JPG 650791.935168 434752.534426 209.014444 0.283603 0.966872 168.452217
100_0212_0022.JPG 650789.144814 434728.825571 209.064764 0.340180 0.942237 168.350607
100_0212_0023.JPG 650786.284120 434705.120377 209.053388 0.393947 0.946281 168.020524
100_0212_0024.JPG 650783.517907 434681.424253 209.022241 0.424111 0.938019 167.902670
100_0212_0025.JPG 650780.706681 434657.721155 209.070546 0.462658 0.947985 168.060898
100_0212_0026.JPG 650777.914261 434633.812765 209.135551 0.511782 0.943422 168.680933
100_0212_0027.JPG 650775.154468 434609.822929 209.059188 0.510710 0.928819 168.803198
100_0212_0028.JPG 650772.312486 434585.928927 209.025046 0.488725 0.928145 168.830514
100_0212_0029.JPG 650769.550160 434562.123023 209.010869 0.489609 0.939279 169.611394
100_0212_0030.JPG 650766.740807 434538.070619 209.030005 0.491132 0.921991 169.594698
100_0212_0031.JPG 650764.077290 434514.195769 209.020046 0.494589 0.898900 169.635095
100_0212_0032.JPG 650761.243707 434490.148434 209.049865 0.553938 0.817947 169.950054
100_0212_0033.JPG 650758.449365 434466.385846 209.042585 0.589184 0.789686 170.649852
100_0212_0034.JPG 650755.544983 434442.297045 209.011375 0.598810 0.741903 170.522740
100_0212_0035.JPG 650752.769996 434418.528658 208.966749 0.623519 0.723158 171.195298
100_0212_0036.JPG 650750.008678 434394.693751 208.973346 0.704693 0.685555 170.486964
100_0212_0037.JPG 650747.251205 434370.682299 209.064917 0.730671 0.629044 170.902112
100_0212_0038.JPG 650744.588255 434346.779858 209.105334 0.765056 0.586583 171.129380
100_0212_0039.JPG 650741.724385 434322.874626 209.062832 0.762043 0.522065 171.401037
100_0212_0040.JPG 650739.041848 434299.004440 209.077933 0.792556 0.500732 171.461508
100_0212_0041.JPG 650736.212036 434274.918479 209.067294 0.756268 0.490066 171.029872
100_0212_0042.JPG 650733.313652 434251.345347 209.017985 0.773348 0.474465 171.086300
100_0212_0043.JPG 650730.525115 434227.371314 209.045046 0.815679 0.492263 171.156401
100_0212_0044.JPG 650727.829528 434203.817047 209.002036 0.861377 0.441538 171.680954
100_0212_0045.JPG 650724.912159 434179.869627 209.014161 0.831993 0.450012 171.643189
100_0212_0046.JPG 650722.212727 434156.090021 208.965157 0.823267 0.476280 171.768870
100_0212_0047.JPG 650719.758896 434132.126418 208.949851 0.778831 0.479031 171.860420
100_0212_0048.JPG 650716.808345 434107.731004 209.053271 0.813521 0.484488 171.211994
100_0212_0049.JPG 650713.796192 434084.336712 209.023352 0.821941 0.523192 171.709240
100_0212_0050.JPG 650710.934496 434060.287245 209.022476 0.848730 0.550028 172.060720
100_0212_0051.JPG 650708.134918 434036.525427 209.031162 0.910697 0.571069 171.790840
100_0212_0052.JPG 650707.352775 434024.647900 209.040137 0.943168 0.450803 175.284646
100_0212_0053.JPG 650719.898573 434024.593393 208.892919 -0.221966 0.458348 -103.742473
100_0212_0054.JPG 650740.739416 434021.629992 209.180704 -0.358935 0.594078 -100.016489
100_0212_0055.JPG 650744.554608 434025.794452 208.994281 -0.477639 -0.352146 -24.193038
100_0212_0056.JPG 650746.610293 434042.816450 208.909001 -0.520405 -0.628199 -9.815145
100_0212_0057.JPG 650749.582959 434066.823554 209.014819 -0.714922 -0.677747 -10.432601
100_0212_0058.JPG 650752.441020 434090.779397 209.094782 -0.810101 -0.720069 -9.245610
100_0212_0059.JPG 650755.152688 434114.558180 209.071464 -0.863194 -0.725444 -9.101260
100_0212_0060.JPG 650757.974054 434138.597970 209.053664 -0.915401 -0.722923 -8.403700
100_0212_0061.JPG 650760.950381 434162.578711 209.105246 -0.991659 -0.692411 -8.422688
100_0212_0062.JPG 650763.505432 434186.475543 208.986665 -1.005354 -0.710185 -7.479402
100_0212_0063.JPG 650766.311176 434210.513514 209.019528 -1.051915 -0.723158 -8.089459
100_0212_0064.JPG 650768.952176 434234.236165 208.942056 -1.070239 -0.721087 -7.393318
100_0212_0065.JPG 650771.833865 434258.375707 209.012249 -1.114040 -0.693340 -7.021805
100_0212_0066.JPG 650774.516188 434282.046123 208.995705 -1.095308 -0.655168 -6.743516
100_0220_0001.JPG 650778.101680 434313.573775 207.777759 -0.970550 -0.053816 -7.924204
100_0220_0002.JPG 650779.387334 434324.546407 207.589628 -0.783267 -0.194785 -8.939462
100_0220_0003.JPG 650781.632335 434344.415984 207.576953 -0.590909 -0.297492 -9.871601
100_0220_0004.JPG 650784.577065 434368.189081 207.648942 -0.520460 -0.336022 -8.713481
100_0220_0005.JPG 650787.338776 434392.241418 207.629877 -0.394930 -0.364025 -7.045019
100_0220_0006.JPG 650790.256021 434416.004154 207.648103 -0.224306 -0.356771 -6.889291
100_0220_0007.JPG 650793.051048 434439.798986 207.610965 -0.161913 -0.330852 -7.153103
100_0220_0008.JPG 650795.876045 434463.765406 207.651048 -0.131522 -0.303649 -6.619387
100_0220_0009.JPG 650798.623015 434487.583033 207.620491 -0.103329 -0.298147 -6.933275
100_0220_0010.JPG 650801.270647 434511.682114 207.577893 -0.041646 -0.313767 -6.911763
100_0220_0011.JPG 650804.101419 434535.513070 207.582758 -0.019464 -0.304476 -6.342710
100_0220_0012.JPG 650807.005884 434559.486665 207.593218 -0.004235 -0.302954 -6.704903
100_0220_0013.JPG 650809.861157 434583.270410 207.678207 -0.021642 -0.284995 -6.984033
100_0220_0014.JPG 650812.537581 434607.154427 207.667637 -0.041905 -0.299810 -6.441120
100_0220_0015.JPG 650815.262196 434631.205536 207.570650 -0.093368 -0.286387 -6.103189
100_0220_0016.JPG 650818.001013 434655.024852 207.557809 -0.105136 -0.324635 -5.615668
100_0220_0017.JPG 650820.799592 434678.872638 207.531916 -0.109851 -0.338774 -5.299357
100_0220_0018.JPG 650823.694850 434702.951521 207.561816 -0.111306 -0.343054 -5.225874
100_0220_0019.JPG 650826.465631 434726.696100 207.553902 -0.176704 -0.356524 -4.872438
100_0220_0020.JPG 650829.290630 434750.746769 207.563326 -0.176919 -0.367547 -4.595955
100_0220_0021.JPG 650832.037222 434774.493476 207.566692 -0.246527 -0.386685 -4.815756
100_0220_0022.JPG 650834.866528 434798.503027 207.586351 -0.319656 -0.390565 -4.488457
100_0220_0023.JPG 650837.570621 434822.169158 207.580039 -0.396275 -0.389806 -4.453176
100_0220_0024.JPG 650840.471305 434846.246654 207.600995 -0.439837 -0.432419 -3.904663
100_0220_0025.JPG 650843.272534 434870.011593 207.627963 -0.468840 -0.480655 -3.582756
100_0220_0026.JPG 650846.066608 434893.979205 207.621378 -0.473715 -0.485336 -2.833095
100_0220_0027.JPG 650848.858962 434917.768167 207.652036 -0.549322 -0.474747 -2.794533
100_0220_0028.JPG 650851.609064 434941.781263 207.644651 -0.518805 -0.472611 -2.153931
100_0220_0029.JPG 650854.285773 434965.547512 207.568552 -0.520946 -0.475147 -1.603928
100_0220_0030.JPG 650856.932723 434989.472916 207.598186 -0.553521 -0.498197 -0.637834
100_0220_0031.JPG 650859.905308 435013.494620 207.658573 -0.591885 -0.489218 -0.943986
100_0220_0032.JPG 650862.705345 435037.204822 207.613999 -0.618293 -0.487245 -1.568798
100_0220_0033.JPG 650865.523796 435061.329663 207.627444 -0.633985 -0.468153 -4.964522
100_0220_0034.JPG 650868.096589 435085.069363 207.606793 -0.633107 -0.468504 -5.304948
100_0220_0035.JPG 650870.697430 435109.112791 207.648010 -0.632826 -0.509951 -4.895094
100_0220_0036.JPG 650872.992238 435132.940393 207.688118 -0.582821 -0.559558 -3.966126
100_0220_0037.JPG 650875.018926 435157.013648 207.706703 -0.600383 -0.607495 -2.965979
100_0220_0038.JPG 650876.224624 435180.727995 207.707899 -0.581062 -0.640111 -1.161455
100_0220_0039.JPG 650877.037607 435204.737323 207.719707 -0.551491 -0.662168 0.297296
100_0220_0040.JPG 650877.944933 435217.275495 207.766362 -0.698879 -0.390736 -20.635842
100_0220_0041.JPG 650888.973765 435215.647069 207.689774 -0.666354 0.431298 -87.203703
100_0220_0042.JPG 650909.818209 435214.033887 207.791988 -0.649650 0.703384 -89.843809
100_0220_0043.JPG 650914.067110 435209.365795 207.591580 0.273328 0.915494 -161.996628
100_0220_0044.JPG 650913.710987 435194.589480 207.585875 0.560582 0.764236 -178.188108
100_0220_0045.JPG 650913.051358 435171.396521 207.626481 0.690155 0.715863 178.971662
100_0220_0046.JPG 650911.727179 435147.368425 207.637861 0.724602 0.630281 176.462927
100_0220_0047.JPG 650909.655635 435123.371987 207.618157 0.801643 0.587070 175.032991
100_0220_0048.JPG 650907.374408 435099.628520 207.612078 0.900043 0.583741 173.375720
100_0220_0049.JPG 650904.882158 435075.581464 207.631608 0.911462 0.619371 173.132936
100_0220_0050.JPG 650902.199742 435051.663882 207.647707 1.008076 0.640196 171.826261
100_0220_0051.JPG 650899.462853 435027.994182 207.648529 0.990406 0.633602 171.339277
100_0220_0052.JPG 650896.536309 435004.031521 207.671796 0.975155 0.654478 171.133325
100_0220_0053.JPG 650893.848575 434979.633766 207.731677 1.021554 0.698191 171.488386
100_0220_0054.JPG 650891.115923 434956.179049 207.632953 0.980797 0.739464 170.463463
100_0220_0055.JPG 650888.257426 434932.204680 207.680202 1.033589 0.754523 170.311383
100_0220_0056.JPG 650885.427634 434908.011224 207.674380 1.039452 0.798810 171.006656
100_0220_0057.JPG 650882.762085 434884.400939 207.613247 1.032991 0.837836 170.328765
100_0220_0058.JPG 650879.941260 434860.511428 207.693271 1.010390 0.877252 169.956873
100_0220_0059.JPG 650877.118389 434836.766202 207.684392 0.990307 0.921252 170.047114
100_0220_0060.JPG 650874.145513 434813.047870 207.664840 0.959043 0.937162 170.386080
100_0220_0061.JPG 650871.310038 434788.889654 207.659984 0.934096 0.950680 171.071753
100_0220_0062.JPG 650868.619680 434764.907404 207.685651 0.936833 0.939526 171.303943
100_0220_0063.JPG 650865.860130 434741.121589 207.603524 0.950560 0.942683 171.244244
100_0220_0064.JPG 650862.962072 434717.224038 207.630333 0.950569 0.926127 170.473244
100_0220_0065.JPG 650860.210076 434693.746239 207.630915 0.979100 0.996338 171.793651
100_0220_0066.JPG 650857.630448 434669.650503 207.730092 1.044338 1.016545 171.544894
100_0220_0067.JPG 650854.570153 434645.792599 207.726645 1.049449 1.032677 172.015397
100_0220_0068.JPG 650851.744936 434621.982959 207.713255 1.029087 1.068080 172.783648
100_0220_0069.JPG 650848.941410 434598.352840 207.666295 1.021294 1.064751 172.345879
100_0220_0070.JPG 650846.096396 434574.304310 207.698840 1.006828 1.091161 172.519041
100_0220_0071.JPG 650843.593569 434550.146306 207.750073 1.034732 1.075783 172.779236
100_0220_0072.JPG 650840.774081 434526.376654 207.703931 1.080012 1.063761 172.458831
100_0220_0073.JPG 650838.011524 434502.157091 207.738705 1.088462 1.050603 172.207545
100_0220_0074.JPG 650835.572793 434478.258993 207.759110 1.167587 1.018171 171.672785
100_0220_0075.JPG 650832.584902 434454.350745 207.691722 1.234473 0.985729 171.072002
100_0220_0076.JPG 650829.676315 434430.643945 207.705018 1.318859 0.964377 171.230763
100_0220_0077.JPG 650826.779808 434406.806097 207.695616 1.324712 0.989481 171.636293
100_0220_0078.JPG 650823.504446 434383.277639 208.471636 1.039696 0.591152 171.719355
100_0220_0079.JPG 650820.917519 434359.748048 208.359308 1.049483 0.636135 171.434286
100_0220_0080.JPG 650817.821967 434336.134737 207.887478 1.037354 0.494432 171.529038
100_0220_0081.JPG 650815.030904 434311.965039 207.994645 1.069128 0.515452 171.811265
100_0220_0082.JPG 650812.365342 434288.031904 207.940153 1.032124 0.517883 172.501029
100_0220_0083.JPG 650809.768607 434264.374831 208.210282 0.962339 0.512578 172.488198
100_0220_0084.JPG 650807.101698 434240.316153 208.523430 0.941083 0.523927 171.476054
100_0220_0085.JPG 650804.357859 434216.448557 208.625518 0.972555 0.491148 172.307124
100_0220_0086.JPG 650801.696386 434192.271377 208.501696 0.999817 0.461058 171.909462
100_0220_0087.JPG 650798.783198 434168.425139 208.721983 1.006954 0.424064 170.452305
100_0220_0088.JPG 650796.193322 434144.651584 208.200887 0.946697 0.454901 171.392873
100_0220_0089.JPG 650793.134725 434120.513323 208.345142 0.964861 0.420045 171.262713
100_0220_0090.JPG 650790.141806 434097.071294 207.936851 0.947496 0.480722 171.540480
100_0220_0091.JPG 650787.323401 434073.347930 207.494133 0.981995 0.479990 172.263274
100_0220_0092.JPG 650784.512652 434049.396569 207.773893 0.995522 0.450308 171.740976
100_0220_0093.JPG 650781.846699 434025.208574 208.234875 0.973199 0.434213 171.647086
100_0220_0094.JPG 650780.508366 434017.061253 208.500247 0.955292 0.268909 170.755460
DJI_0221.JPG 650779.613874 434025.812425 207.149370 44.961450 7.136894 8.026914
DJI_0222.JPG 650775.091291 434050.568138 206.977966 44.672604 6.228895 6.989067
DJI_0223.JPG 650767.330585 434094.585048 207.392190 44.465585 6.112591 6.718950
DJI_0224.JPG 650759.139554 434141.302677 207.782238 44.388888 6.018397 6.517576
DJI_0225.JPG 650754.070726 434176.911397 206.684147 44.191481 -2.930132 -2.346581
DJI_0226.JPG 650750.227941 434210.627157 207.119728 44.125587 -3.403473 -2.731488
DJI_0227.JPG 650748.447388 434254.252381 207.453670 44.166481 -3.350868 -2.650173
DJI_0228.JPG 650747.950085 434287.474764 207.973399 44.195454 -3.918201 -3.182809
DJI_0229.JPG 650749.716440 434326.770029 208.010141 44.253839 -4.075406 -3.342714
100_0237_0001.JPG 650469.664793 436333.058353 205.057019 0.314221 0.717420 -157.204560
100_0237_0002.JPG 650473.682528 436323.781951 205.039697 0.305610 0.734822 -157.268203
100_0237_0003.JPG 650479.828600 436307.894119 205.055582 0.344407 0.721453 -157.595816
100_0237_0004.JPG 650487.808823 436287.282589 205.016896 0.286214 0.731641 -157.706503
100_0237_0005.JPG 650496.913675 436264.531145 205.037092 0.293844 0.761482 -157.236017
100_0237_0006.JPG 650506.070905 436242.003125 205.114866 0.301377 0.784606 -157.969947
100_0237_0007.JPG 650514.789378 436219.501841 205.022366 0.297764 0.796240 -158.153753
100_0237_0008.JPG 650523.666123 436197.091777 204.999260 0.278946 0.793584 -157.621276
100_0237_0009.JPG 650532.592301 436174.753718 205.076173 0.276125 0.845954 -157.912584
100_0237_0010.JPG 650541.370120 436152.645130 205.031759 0.264972 0.860808 -158.524480
100_0237_0011.JPG 650550.035302 436130.445906 205.012142 0.239959 0.841803 -158.435325
100_0237_0012.JPG 650558.952763 436108.173570 205.050013 0.267858 0.838915 -158.170975
100_0237_0013.JPG 650567.560073 436086.470236 204.979292 0.295341 0.821594 -158.239663
100_0237_0014.JPG 650576.181789 436064.874841 205.006230 0.232205 0.801799 -158.169000
100_0237_0015.JPG 650584.726807 436043.592103 205.014007 0.203458 0.803527 -158.290884
100_0237_0016.JPG 650593.157096 436022.371658 205.013407 0.187701 0.792429 -158.583995
100_0237_0017.JPG 650601.788714 436000.976391 205.070084 0.101530 0.816779 -158.561808
100_0237_0018.JPG 650610.387198 435979.405433 205.075460 0.100407 0.822589 -158.457622
100_0237_0019.JPG 650619.842998 435955.907245 204.905331 0.143764 0.765084 -158.533692
100_0237_0020.JPG 650623.319551 435946.446987 205.031940 0.172825 0.798071 -158.895251
100_0237_0021.JPG 650630.308263 435927.965446 205.166768 0.235953 0.853962 -158.851342
100_0237_0022.JPG 650639.415516 435905.861913 205.147356 0.267620 0.844874 -158.668544
100_0237_0023.JPG 650648.806765 435883.130182 205.095895 0.319582 0.881397 -158.883343
100_0237_0024.JPG 650657.553393 435860.816892 205.003662 0.301086 0.844360 -159.296700
100_0237_0025.JPG 650666.261935 435838.760500 205.055214 0.309642 0.860332 -159.246381
100_0237_0026.JPG 650675.055729 435816.256610 205.017548 0.301610 0.843176 -159.003016
100_0237_0027.JPG 650683.961882 435793.943052 205.025256 0.303652 0.832552 -158.546777
100_0237_0028.JPG 650693.062864 435771.401859 205.035649 0.294851 0.806711 -158.643402
100_0237_0029.JPG 650701.952885 435749.190058 205.055087 0.275328 0.813719 -158.909012
100_0237_0030.JPG 650710.749066 435727.003225 205.027375 0.301043 0.813520 -159.182401
100_0237_0031.JPG 650719.523464 435704.615800 205.037461 0.275409 0.777102 -158.784696
100_0237_0032.JPG 650728.444595 435682.253350 205.050306 0.324201 0.816357 -158.767887
100_0237_0033.JPG 650737.520444 435659.808363 205.057691 0.311842 0.783647 -158.686614
100_0237_0034.JPG 650746.465732 435637.444370 205.035161 0.331839 0.805790 -158.978604
100_0237_0035.JPG 650755.164279 435615.083957 205.045617 0.365494 0.801416 -159.209378
100_0237_0036.JPG 650764.311823 435592.404842 205.069028 0.381402 0.829871 -158.778525
100_0237_0037.JPG 650773.048372 435570.060924 205.042513 0.419479 0.826965 -159.749046
100_0237_0038.JPG 650781.446919 435547.715975 205.038057 0.465989 0.873582 -159.448050
100_0237_0039.JPG 650789.227933 435525.036137 205.029373 0.484345 0.902854 -160.906504
100_0237_0040.JPG 650796.536707 435502.429870 205.014893 0.487733 0.914597 -161.369252
100_0237_0041.JPG 650803.698964 435479.229922 205.051364 0.547792 0.904276 -162.744545
100_0237_0042.JPG 650810.144867 435455.879371 205.063266 0.567830 0.891533 -164.194573
100_0237_0043.JPG 650815.707109 435432.864943 204.973608 0.541804 0.889305 -165.057308
100_0237_0044.JPG 650820.655363 435409.379146 204.985385 0.547887 0.845447 -166.708070
100_0237_0045.JPG 650825.257306 435386.081062 205.012523 0.610916 0.827791 -167.788145
100_0237_0046.JPG 650828.901233 435361.934411 205.066629 0.670275 0.834952 -169.422602
100_0237_0047.JPG 650832.191770 435338.459535 205.047377 0.641655 0.807537 -169.356960
100_0237_0048.JPG 650834.778006 435314.691427 205.009098 0.669784 0.785610 -170.741991
100_0237_0049.JPG 650837.115652 435290.869572 205.018314 0.686490 0.750253 -172.455594
100_0237_0050.JPG 650838.471415 435266.767585 205.054545 0.751985 0.764248 -174.302950
100_0237_0051.JPG 650839.283311 435243.053262 205.050600 0.771506 0.758496 -175.294183
100_0237_0052.JPG 650839.460034 435218.979908 205.036064 0.834623 0.772591 -176.241552
100_0237_0053.JPG 650841.020985 435208.963809 205.034741 -0.049309 0.595707 -102.722257
100_0237_0054.JPG 650855.605551 435214.844236 204.803048 -0.290360 0.529997 -90.633415
100_0237_0055.JPG 650874.923044 435213.880795 205.154629 -0.341162 0.783872 -91.071843
100_0237_0056.JPG 650876.940735 435220.031397 204.966824 -0.312269 -0.457675 -8.220112
100_0237_0057.JPG 650876.970545 435242.899541 204.920739 -0.442854 -0.832279 -1.053548
100_0237_0058.JPG 650876.129798 435266.739003 205.029963 -0.608089 -0.858099 -0.473642
100_0237_0059.JPG 650874.743563 435290.610651 205.090826 -0.730265 -0.885710 0.712328
100_0237_0060.JPG 650872.788050 435314.542981 205.074411 -0.792928 -0.921009 2.299312
100_0237_0061.JPG 650870.186925 435338.390104 205.010452 -0.819329 -0.939176 3.586820
100_0237_0062.JPG 650866.910918 435362.089128 204.997213 -0.813874 -0.970469 4.443544
100_0237_0063.JPG 650863.117643 435385.828554 205.036911 -0.846205 -0.987931 5.399918
100_0237_0064.JPG 650858.860926 435409.271051 205.065931 -0.837795 -0.986415 5.970145
100_0237_0065.JPG 650853.990268 435433.071797 205.074963 -0.835863 -0.987953 7.449891
100_0237_0066.JPG 650848.531443 435456.425152 205.035964 -0.817125 -1.030349 8.780611
100_0237_0067.JPG 650842.417011 435479.463039 204.981454 -0.829882 -1.040655 10.516837
100_0237_0068.JPG 650835.582260 435502.690994 204.981089 -0.819594 -1.092993 11.902078
100_0237_0069.JPG 650828.441649 435525.527784 205.038832 -0.859137 -1.116911 12.487262
100_0237_0070.JPG 650820.707096 435548.375652 205.025710 -0.905081 -1.132409 14.142589
100_0237_0071.JPG 650812.495663 435570.810432 204.995409 -0.918977 -1.148700 15.562589
100_0237_0072.JPG 650804.026335 435593.217112 204.977722 -0.926404 -1.170858 17.073752
100_0237_0073.JPG 650795.134588 435615.702475 205.011052 -0.955593 -1.189026 17.456283
100_0237_0074.JPG 650786.318624 435638.029498 205.068311 -0.922640 -1.164760 17.788212
100_0237_0075.JPG 650777.550027 435660.279464 205.017747 -0.920048 -1.172050 17.624494
100_0237_0076.JPG 650768.588950 435682.830726 204.992808 -0.936269 -1.173317 17.970464
100_0237_0077.JPG 650759.819614 435705.000384 205.035040 -0.952184 -1.155274 18.041763
100_0237_0078.JPG 650750.770776 435727.543691 205.046441 -0.947195 -1.171955 18.036739
100_0237_0079.JPG 650741.919894 435749.861828 205.064087 -0.991629 -1.172275 17.661392
100_0237_0080.JPG 650733.060316 435772.271229 205.079280 -1.021101 -1.185098 17.828838
100_0237_0081.JPG 650724.205714 435794.571394 205.042168 -1.014352 -1.178228 18.184531
100_0237_0082.JPG 650715.365942 435816.924388 204.987070 -1.029420 -1.186972 18.207189
100_0237_0083.JPG 650706.422680 435839.327177 205.010794 -1.046241 -1.169780 18.377793
100_0237_0084.JPG 650697.565741 435861.602045 204.995569 -1.046502 -1.185021 17.948282
100_0237_0085.JPG 650688.576459 435884.089000 205.002963 -0.998743 -1.185829 17.821071
100_0237_0086.JPG 650679.655490 435906.351627 205.055320 -0.956834 -1.192076 17.432875
100_0237_0087.JPG 650670.972685 435928.623530 205.077832 -0.943335 -1.190448 17.781218
100_0237_0088.JPG 650661.943132 435951.089812 205.047404 -0.904072 -1.182422 18.675284
100_0237_0089.JPG 650653.033516 435973.436310 205.042457 -0.905212 -1.181476 18.446571
100_0237_0090.JPG 650644.148561 435995.814624 205.053635 -0.918745 -1.156560 17.741210
100_0237_0091.JPG 650635.161945 436018.333576 205.132880 -0.932798 -1.168834 17.772319
100_0237_0092.JPG 650626.254185 436040.564051 205.087772 -0.932333 -1.159572 17.668228
100_0237_0093.JPG 650617.346567 436062.981880 205.074234 -0.966523 -1.152068 17.670505
100_0237_0094.JPG 650608.372647 436085.325563 205.023284 -0.946579 -1.153627 17.995467
100_0237_0095.JPG 650599.538192 436107.682644 205.006605 -0.897493 -1.129627 17.879955
100_0237_0096.JPG 650590.506109 436130.180525 205.074548 -0.901392 -1.147371 18.010721
100_0237_0097.JPG 650581.706975 436152.392600 205.003063 -0.886013 -1.150204 18.171320
100_0237_0098.JPG 650572.734764 436174.792905 204.972309 -0.853941 -1.140774 18.392096
100_0237_0099.JPG 650563.931596 436196.975718 205.043193 -0.776257 -1.135256 18.108404
100_0237_0100.JPG 650555.063023 436219.347929 205.074031 -0.782066 -1.124503 18.309675
100_0237_0101.JPG 650546.109946 436241.837288 205.045811 -0.811094 -1.127211 18.524219
100_0237_0102.JPG 650537.268312 436264.063675 205.056297 -0.822861 -1.125036 18.404596
100_0237_0103.JPG 650528.398008 436286.466306 205.058713 -0.797957 -1.133718 18.310935
100_0237_0104.JPG 650519.501035 436308.882812 205.087120 -0.769764 -1.117125 18.116084
100_0237_0105.JPG 650510.645228 436331.031388 205.064968 -0.726317 -1.103459 18.126483
100_0237_0106.JPG 650504.721238 436345.780759 205.107769 -0.688961 -1.029963 19.371783
100_0237_0107.JPG 650510.092784 436349.404776 204.965043 -1.116345 -0.058448 -67.718296
100_0237_0108.JPG 650529.677356 436357.589915 205.129110 -1.055436 0.165214 -73.310808
100_0237_0109.JPG 650539.878330 436359.446296 205.098699 -0.738287 0.640828 -96.782747
100_0237_0110.JPG 650544.539104 436346.895965 205.035527 0.079191 0.720325 -156.111663
100_0237_0111.JPG 650551.539507 436328.300917 205.139228 0.199543 0.729802 -158.675558
100_0251_0001.JPG 650558.813958 436312.105693 207.488445 -0.091565 0.040009 -151.741904
100_0251_0002.JPG 650562.455043 436301.761357 207.361964 -0.058601 0.147311 -157.199906
100_0251_0003.JPG 650570.562027 436281.134993 207.393769 -0.093906 0.234161 -157.981521
100_0251_0004.JPG 650579.455443 436258.766353 207.415866 -0.089632 0.261966 -157.896672
100_0251_0005.JPG 650588.180572 436236.743176 207.408970 -0.155900 0.287076 -157.458456
100_0251_0006.JPG 650597.664404 436213.893562 207.498271 -0.246983 0.295829 -157.301132
100_0251_0007.JPG 650606.406967 436191.720650 207.380746 -0.260506 0.290043 -158.311928
100_0251_0008.JPG 650615.350358 436169.357591 207.393013 -0.296180 0.300133 -157.887238
100_0251_0009.JPG 650624.157728 436147.149508 207.444571 -0.325655 0.316186 -158.292967
100_0251_0010.JPG 650632.947722 436124.655637 207.465120 -0.350618 0.337535 -158.301098
100_0251_0011.JPG 650641.835723 436102.496241 207.418311 -0.343079 0.335232 -158.234729
100_0251_0012.JPG 650650.576015 436080.200434 207.355701 -0.388674 0.319983 -158.074019
100_0251_0013.JPG 650659.628520 436057.790330 207.362247 -0.371688 0.314950 -157.954797
100_0251_0014.JPG 650668.775641 436035.136809 207.463826 -0.370311 0.324835 -158.054325
100_0251_0015.JPG 650677.871177 436012.627211 207.454947 -0.338094 0.322356 -158.417549
100_0251_0016.JPG 650686.739651 435990.249887 207.306734 -0.335736 0.351286 -158.728751
100_0251_0017.JPG 650695.490948 435967.936018 207.341465 -0.287693 0.350212 -158.893329
100_0251_0018.JPG 650704.388939 435945.473234 207.367646 -0.255053 0.363128 -158.325480
100_0251_0019.JPG 650713.282006 435923.265978 207.390136 -0.215714 0.396478 -158.464714
100_0251_0020.JPG 650721.995763 435901.085697 207.334082 -0.185018 0.415563 -158.482349
100_0251_0021.JPG 650730.962726 435878.566545 207.364654 -0.174247 0.442186 -158.039111
100_0251_0022.JPG 650739.885171 435856.426614 207.394988 -0.119676 0.474405 -158.018739
100_0251_0023.JPG 650748.605978 435833.875303 207.298098 -0.040912 0.538358 -157.995630
100_0251_0024.JPG 650757.563605 435811.852386 207.353183 -0.005144 0.537128 -157.380492
100_0251_0025.JPG 650766.515364 435789.300537 207.414071 0.054594 0.579942 -157.657740
100_0251_0026.JPG 650775.388371 435767.027882 207.406277 0.033958 0.593104 -157.006829
100_0251_0027.JPG 650784.184762 435745.020010 207.357595 0.043351 0.635341 -157.266769
100_0251_0028.JPG 650792.990462 435722.758113 207.362877 -0.019266 0.650812 -156.948012
100_0251_0029.JPG 650801.800951 435700.634176 207.378680 0.008983 0.674096 -156.885479
100_0251_0030.JPG 650810.625329 435678.208789 207.393306 -0.011479 0.687212 -156.906661
100_0251_0031.JPG 650819.359888 435656.070877 207.409839 -0.024855 0.703532 -156.599467
100_0251_0032.JPG 650828.027029 435633.747970 207.391460 -0.050252 0.687827 -156.563218
100_0251_0033.JPG 650836.926533 435611.269189 207.418874 -0.043110 0.714996 -156.318204
100_0251_0034.JPG 650845.503535 435588.759991 207.398577 -0.053815 0.717875 -155.819903
100_0251_0035.JPG 650853.897007 435566.235294 207.386588 -0.006029 0.755922 -156.223035
100_0251_0036.JPG 650861.795634 435543.526132 207.381494 0.049666 0.781306 -157.340704
100_0251_0037.JPG 650869.204238 435520.626317 207.414830 0.084998 0.773762 -157.911033
100_0251_0038.JPG 650875.944033 435497.821983 207.411875 0.134284 0.766163 -159.375076
100_0251_0039.JPG 650882.620547 435474.657157 207.375989 0.154344 0.779585 -160.343407
100_0251_0040.JPG 650888.305245 435451.438827 207.341093 0.194854 0.781264 -161.960404
100_0251_0041.JPG 650893.160694 435428.238133 207.372448 0.230864 0.785354 -162.911067
100_0251_0042.JPG 650897.869563 435404.614325 207.413579 0.219626 0.819769 -164.168792
100_0251_0043.JPG 650901.971068 435380.955968 207.413254 0.237467 0.818879 -165.468227
100_0251_0044.JPG 650905.569238 435357.145949 207.365560 0.256088 0.819589 -167.293305
100_0251_0045.JPG 650908.357334 435333.437716 207.329165 0.277892 0.841738 -168.048973
100_0251_0046.JPG 650910.732933 435309.703724 207.378328 0.299701 0.843616 -169.076494
100_0251_0047.JPG 650912.531265 435285.448424 207.414064 0.305489 0.843723 -170.092976
100_0251_0048.JPG 650913.652554 435261.426127 207.402799 0.339572 0.810215 -171.644460
100_0251_0049.JPG 650914.227429 435237.456471 207.396169 0.357342 0.802341 -172.450917
100_0251_0050.JPG 650914.358589 435213.582485 207.426333 0.396245 0.775873 -173.183790
DJI_0252.JPG 650911.911471 435218.812175 207.250120 40.584508 15.842266 18.656947
DJI_0253.JPG 650884.328611 435293.480546 207.366363 40.607096 13.659037 16.342439
DJI_0254.JPG 650861.979944 435354.251229 207.513743 40.617961 13.128065 15.790685
DJI_0255.JPG 650840.184985 435413.556407 207.468667 40.669467 12.971637 15.610739
DJI_0256.JPG 650817.462084 435474.704116 207.366086 40.708007 12.987473 15.639555
DJI_0257.JPG 650798.140726 435526.985507 207.440437 40.882516 12.318906 14.835322
DJI_0258.JPG 650776.462666 435586.351040 207.438531 40.905074 12.462663 15.031762
DJI_0259.JPG 650755.460467 435643.317341 207.289279 40.845934 12.773316 15.382732
100_0260_0001.JPG 650211.055451 436982.317508 207.342723 0.350477 0.812834 -156.900378
100_0260_0002.JPG 650214.174205 436973.361587 207.338762 0.276302 0.785878 -156.676053
100_0260_0003.JPG 650221.417312 436954.763074 207.461706 0.167181 0.722831 -157.043072
100_0260_0004.JPG 650230.852983 436932.709324 207.520815 0.111481 0.666420 -156.613144
100_0260_0005.JPG 650240.203003 436909.559138 207.448367 0.108116 0.616428 -157.437519
100_0260_0006.JPG 650249.003625 436886.567487 207.428751 0.083818 0.605164 -157.935608
100_0260_0007.JPG 650258.067209 436863.833357 207.425155 -0.007860 0.580530 -157.888585
100_0260_0008.JPG 650267.374646 436840.581156 207.465310 -0.046127 0.577202 -158.266343
100_0260_0009.JPG 650276.430108 436817.987575 207.443553 -0.053564 0.563608 -158.340062
100_0260_0010.JPG 650285.548583 436795.317356 207.410627 -0.047789 0.521536 -158.700872
100_0260_0011.JPG 650294.619299 436772.408474 207.466931 -0.001723 0.489841 -159.192580
100_0260_0012.JPG 650303.782918 436749.383560 207.477163 -0.051242 0.461435 -158.594978
100_0260_0013.JPG 650313.193469 436726.312262 207.483485 -0.097234 0.430144 -158.786007
100_0260_0014.JPG 650322.261677 436703.381063 207.398193 -0.075016 0.408514 -159.840365
100_0260_0015.JPG 650331.107246 436680.685884 207.411473 -0.094794 0.432651 -159.854312
100_0260_0016.JPG 650339.900713 436658.210454 207.353906 -0.141324 0.426307 -159.236078
100_0260_0017.JPG 650348.985048 436635.493573 207.429780 -0.109948 0.451382 -159.423770
100_0260_0018.JPG 650358.137205 436612.560239 207.423522 -0.105370 0.452494 -159.525990
100_0260_0019.JPG 650367.186469 436589.849159 207.380190 -0.086753 0.448756 -159.422780
100_0260_0020.JPG 650376.384366 436566.961897 207.451859 -0.063133 0.448480 -159.438004
100_0260_0021.JPG 650385.610774 436543.879238 207.473558 -0.012106 0.468966 -159.329991
100_0260_0022.JPG 650394.572078 436521.407771 207.435484 0.027654 0.485414 -159.549852
100_0260_0023.JPG 650403.749905 436498.316888 207.474684 0.043068 0.517485 -159.506959
100_0260_0024.JPG 650412.806838 436475.260981 207.438500 0.023259 0.535072 -159.064120
100_0260_0025.JPG 650422.330496 436452.445381 207.464645 0.064607 0.563725 -159.443367
100_0260_0026.JPG 650431.173250 436429.586283 207.385579 0.072923 0.580923 -160.017336
100_0260_0027.JPG 650440.125377 436407.125493 207.398775 0.063051 0.644104 -159.058940
100_0260_0028.JPG 650449.280492 436384.498393 207.373959 0.095171 0.659964 -158.843882
100_0260_0029.JPG 650458.314009 436361.408751 207.440512 0.129133 0.695532 -159.007330
100_0260_0030.JPG 650467.431516 436338.650961 207.526047 0.206461 0.717598 -158.197026
100_0260_0031.JPG 650472.273109 436334.063229 207.383589 -0.552900 0.455177 -100.040355
100_0260_0032.JPG 650491.194606 436341.896643 207.312107 -0.853362 0.148108 -73.237862
100_0260_0033.JPG 650504.344349 436346.863172 207.500867 -0.876506 0.186351 -67.712361
100_0260_0034.JPG 650498.515375 436361.706835 207.331657 -0.319294 -0.937954 16.721867
100_0260_0035.JPG 650489.398760 436384.591691 207.272000 -0.312044 -1.040570 19.463701
100_0260_0036.JPG 650480.273230 436407.188667 207.322371 -0.295056 -1.075393 19.686628
100_0260_0037.JPG 650471.030764 436430.091768 207.435732 -0.304197 -1.071786 19.283999
100_0260_0038.JPG 650462.042536 436453.013439 207.494515 -0.323568 -1.067324 18.763548
100_0260_0039.JPG 650452.979444 436475.907799 207.500952 -0.356457 -1.073383 19.025802
100_0260_0040.JPG 650443.830332 436498.797095 207.418731 -0.412441 -1.081031 18.784057
100_0260_0041.JPG 650434.658837 436521.877564 207.386570 -0.391445 -1.056462 19.072295
100_0260_0042.JPG 650425.570193 436544.522315 207.367243 -0.396763 -1.074938 19.137546
100_0260_0043.JPG 650416.380070 436567.606794 207.375838 -0.407026 -1.060692 18.859560
100_0260_0044.JPG 650407.333023 436590.338580 207.392521 -0.400549 -1.042361 18.691078
100_0260_0045.JPG 650398.214522 436613.175015 207.365716 -0.423774 -1.039774 18.550845
100_0260_0046.JPG 650389.078218 436636.196127 207.381926 -0.435448 -1.030726 18.602792
100_0260_0047.JPG 650380.022296 436658.953229 207.417163 -0.396603 -1.021187 18.732870
100_0260_0048.JPG 650370.891600 436681.939975 207.436976 -0.368968 -1.051501 18.888045
100_0260_0049.JPG 650361.841018 436704.686986 207.429727 -0.381670 -1.061586 19.044499
100_0260_0050.JPG 650352.677252 436727.738043 207.402015 -0.420938 -1.071842 19.178495
100_0260_0051.JPG 650343.645142 436750.587871 207.431264 -0.468345 -1.125431 19.481944
100_0260_0052.JPG 650334.531976 436773.327266 207.491958 -0.458062 -1.101239 19.287872
100_0260_0053.JPG 650325.294460 436796.423596 207.518373 -0.523313 -1.109835 19.744375
100_0260_0054.JPG 650316.170385 436819.191368 207.459287 -0.614631 -1.105255 19.921140
100_0260_0055.JPG 650307.032079 436841.977736 207.391388 -0.598852 -1.119744 20.635329
100_0260_0056.JPG 650297.851227 436865.094853 207.366269 -0.624760 -1.115634 20.793592
100_0260_0057.JPG 650288.826856 436887.919990 207.404604 -0.625175 -1.107343 20.868849
100_0260_0058.JPG 650279.691509 436910.975448 207.393976 -0.617600 -1.121320 21.113321
100_0260_0059.JPG 650270.534250 436933.721227 207.412311 -0.594526 -1.117826 21.142535
100_0260_0060.JPG 650261.477342 436956.641881 207.448832 -0.621873 -1.137569 21.548940
100_0260_0061.JPG 650252.436692 436979.415385 207.517170 -0.610201 -1.130108 21.186915
100_0260_0062.JPG 650245.915836 436996.287295 207.493071 -0.610638 -1.097982 22.793356
100_0260_0063.JPG 650254.604391 437000.984716 207.397697 -1.039956 -0.147401 -64.920948
100_0260_0064.JPG 650276.044816 437009.488799 207.541171 -0.994357 0.018470 -69.842802
100_0260_0065.JPG 650281.331536 437007.220739 207.351512 -0.190327 0.637169 -142.392455
100_0260_0066.JPG 650288.102276 436990.812235 207.430371 0.084911 0.583000 -155.767535
100_0260_0067.JPG 650297.184092 436969.017749 207.536685 0.209153 0.637479 -157.307133
100_0260_0068.JPG 650306.272190 436945.967835 207.506632 0.284078 0.701961 -157.695293
100_0260_0069.JPG 650315.269801 436923.049902 207.412863 0.343847 0.739797 -158.008780
100_0260_0070.JPG 650324.303160 436900.224367 207.424379 0.375800 0.782777 -157.827348
100_0260_0071.JPG 650333.379163 436877.125721 207.414749 0.405490 0.819263 -157.557952
100_0260_0072.JPG 650342.428675 436854.549131 207.437812 0.432639 0.853977 -157.910223
100_0260_0073.JPG 650351.599128 436831.396559 207.465254 0.500843 0.895638 -158.329516
100_0260_0074.JPG 650360.625773 436808.610832 207.464447 0.548214 0.892899 -157.678245
100_0260_0075.JPG 650369.905963 436785.528500 207.467847 0.603461 0.882781 -158.107643
100_0260_0076.JPG 650378.966993 436762.828869 207.398715 0.602655 0.889221 -158.154347
100_0260_0077.JPG 650388.162848 436739.948863 207.418367 0.559574 0.851329 -158.376821
100_0260_0078.JPG 650397.375593 436717.129063 207.488756 0.594136 0.845194 -158.671371
100_0260_0079.JPG 650406.469423 436694.107920 207.436899 0.643508 0.853805 -159.298186
100_0260_0080.JPG 650415.395251 436671.264752 207.373683 0.667116 0.866071 -158.524434
100_0260_0081.JPG 650424.353822 436648.571922 207.412230 0.695512 0.886722 -158.510015
100_0260_0082.JPG 650433.521216 436625.495503 207.445381 0.640894 0.877541 -158.468673
100_0260_0083.JPG 650442.591932 436602.900775 207.404270 0.671297 0.905569 -158.130923
100_0260_0084.JPG 650451.640576 436580.026177 207.446559 0.685036 0.902171 -158.423583
100_0260_0085.JPG 650460.852554 436556.928808 207.433799 0.679972 0.903165 -157.772515
100_0260_0086.JPG 650469.869152 436534.209077 207.348402 0.706886 0.877541 -157.945167
100_0260_0087.JPG 650479.222834 436511.419176 207.399159 0.684632 0.875985 -157.960284
100_0260_0088.JPG 650488.171077 436488.685577 207.407304 0.700471 0.880940 -158.044541
100_0260_0089.JPG 650497.326885 436465.721085 207.390345 0.708946 0.873179 -157.790778
100_0260_0090.JPG 650506.297014 436443.092666 207.412654 0.685121 0.867084 -157.519436
100_0260_0091.JPG 650515.570845 436419.988250 207.431001 0.666635 0.864235 -157.173011
100_0260_0092.JPG 650524.526405 436397.160162 207.432484 0.613144 0.867024 -157.015003
100_0260_0093.JPG 650533.729441 436374.181112 207.455387 0.575709 0.918279 -156.739420
100_0260_0094.JPG 650538.912198 436359.729290 207.409484 0.654512 0.891284 -156.607418
DJI_0261.JPG 650517.184614 436380.151758 207.307973 39.897621 23.735077 27.154265
DJI_0262.JPG 650500.113823 436402.194694 207.222230 40.198498 22.669599 25.876110
DJI_0263.JPG 650483.717525 436424.702696 207.315169 39.984777 22.948447 26.225879
DJI_0264.JPG 650467.143617 436447.521074 207.388745 39.922333 22.863856 26.150751
DJI_0265.JPG 650451.515152 436469.657104 207.393760 39.979059 22.664069 25.896759
DJI_0266.JPG 650436.027356 436491.791379 207.410882 39.851057 22.831835 26.114818
DJI_0267.JPG 650421.024044 436513.273969 207.370517 39.869777 22.791784 26.019264
DJI_0268.JPG 650405.280955 436535.826121 207.341381 39.844919 22.737664 25.972342
DJI_0269.JPG 650338.386549 436516.751936 207.333840 66.405334 -15.397815 -5.933803
DJI_0270.JPG 650338.163029 436516.708326 207.489766 63.136304 -14.561908 -6.618678
