imageName longitude latitude altitude Omega Phi Kappa
100_0154_0001.JPG 21.17896215 51.73096512 212.00622346 0.75822127 0.52455314 170.89818902
100_0154_0002.JPG 21.17895409 51.73091679 211.96692361 0.53032520 0.66714100 173.17894073
100_0154_0003.JPG 21.17892162 51.73079043 211.94255611 0.40055987 0.77149875 173.38853903
100_0154_0004.JPG 21.17887130 51.73059162 211.89003746 0.25082965 0.76895349 173.06509238
100_0154_0005.JPG 21.17882579 51.73037660 211.86902018 0.10698083 0.80913338 173.45306098
100_0154_0006.JPG 21.17877569 51.73016521 211.89740705 -0.08984110 0.87282919 173.91730006
100_0154_0007.JPG 21.17872518 51.72994949 211.89894734 -0.22124854 0.90408023 173.93398623
100_0154_0008.JPG 21.17867650 51.72973585 211.89823674 -0.31238334 0.91788566 173.98758169
100_0154_0009.JPG 21.17862492 51.72952069 211.91128148 -0.43172962 0.95725203 174.06902814
100_0154_0010.JPG 21.17857417 51.72930722 211.91316442 -0.49052456 0.99151214 174.35468293
100_0154_0011.JPG 21.17852225 51.72909154 211.93957244 -0.50961125 1.02042009 174.57941452
100_0154_0012.JPG 21.17847318 51.72887999 211.89646491 -0.54364949 1.03488486 174.48721691
100_0154_0013.JPG 21.17842127 51.72866293 211.90888247 -0.55082662 1.02352933 174.25708086
100_0154_0014.JPG 21.17837059 51.72845030 211.89609334 -0.51811092 1.07972184 174.62162659
100_0154_0015.JPG 21.17832012 51.72823485 211.92535674 -0.45320279 1.06947352 174.75088671
100_0154_0016.JPG 21.17826952 51.72802260 211.92259845 -0.44255943 1.04406883 174.58153538
100_0154_0017.JPG 21.17821917 51.72780722 211.95349047 -0.41740807 1.05778280 174.70849371
100_0154_0018.JPG 21.17816936 51.72759485 211.95163281 -0.37145774 1.05937740 174.68690348
100_0154_0019.JPG 21.17812003 51.72737891 211.89695466 -0.37897597 1.05256741 174.99047912
100_0154_0020.JPG 21.17806770 51.72716393 211.96978555 -0.31098091 1.04481267 174.87031368
100_0154_0021.JPG 21.17801914 51.72695123 211.95294775 -0.19250931 1.02952099 174.99043314
100_0154_0022.JPG 21.17796856 51.72673606 211.96502064 -0.09949381 1.02053763 174.10099866
100_0154_0023.JPG 21.17791672 51.72652680 211.87466520 -0.05274765 1.04205546 174.86673618
100_0154_0024.JPG 21.17786602 51.72630809 211.96473203 -0.01058393 1.06751729 175.36175729
100_0154_0025.JPG 21.17781561 51.72609639 211.89077741 0.04663527 1.06379539 175.18606036
100_0154_0026.JPG 21.17776411 51.72588452 211.81824683 0.01315779 1.02195203 175.22353045
100_0154_0027.JPG 21.17771386 51.72567132 211.90309246 0.01781725 1.02784457 175.30812587
100_0154_0028.JPG 21.17766225 51.72545645 211.92705300 0.05480259 0.97956130 175.52534774
100_0154_0029.JPG 21.17761109 51.72524444 211.86503497 0.07823434 0.95989968 175.71545725
100_0154_0030.JPG 21.17755996 51.72502877 211.84415975 0.09255707 0.95488157 176.15786826
100_0154_0031.JPG 21.17750947 51.72481519 211.87929675 0.16498431 0.90137403 176.28467765
100_0154_0032.JPG 21.17745930 51.72460131 211.90945355 0.23306791 0.88125966 176.30730102
100_0154_0033.JPG 21.17740850 51.72438588 211.85467989 0.24400979 0.86584047 176.51325936
100_0154_0034.JPG 21.17735822 51.72417269 211.85313977 0.31091957 0.82615769 176.70873474
100_0154_0035.JPG 21.17730734 51.72395723 211.80100318 0.35006609 0.83692046 176.75397291
100_0154_0036.JPG 21.17725654 51.72374430 211.92324402 0.36829922 0.81468363 177.00639351
100_0154_0037.JPG 21.17720457 51.72352960 211.90625296 0.34097192 0.81759370 177.05712657
100_0154_0038.JPG 21.17715515 51.72331739 211.90558286 0.37198411 0.77722840 177.50069391
100_0154_0039.JPG 21.17710310 51.72310391 211.89268127 0.37133607 0.76885498 177.84533271
100_0154_0040.JPG 21.17705275 51.72288984 211.90503295 0.38389975 0.72784647 178.37017855
100_0154_0041.JPG 21.17700075 51.72267443 211.87763458 0.43916260 0.67328827 178.25167897
100_0154_0042.JPG 21.17695266 51.72246052 211.87183926 0.44959951 0.65029381 178.48733377
100_0154_0043.JPG 21.17690262 51.72224581 211.87137144 0.47498379 0.64066513 178.63708532
100_0154_0044.JPG 21.17685241 51.72203135 211.97339440 0.48141175 0.63131763 178.76211563
100_0154_0045.JPG 21.17679819 51.72181962 211.82589651 0.51949075 0.60964688 178.70593173
100_0154_0046.JPG 21.17674826 51.72160952 211.83186367 0.58932207 0.61793022 179.11706069
100_0154_0047.JPG 21.17669907 51.72139031 211.91986193 0.60211581 0.66588364 179.42959658
100_0154_0048.JPG 21.17664998 51.72117628 211.92429964 0.62924538 0.70260971 179.42692445
100_0154_0049.JPG 21.17660002 51.72096301 211.93625354 0.69504827 0.70678286 179.29498653
100_0154_0050.JPG 21.17654773 51.72075062 211.86306913 0.70414204 0.74308531 179.50105034
100_0154_0051.JPG 21.17649506 51.72053508 211.90775150 0.72574622 0.77472187 178.15523704
100_0154_0052.JPG 21.17644940 51.72035568 211.87794602 0.80670982 0.71316565 177.39748837
100_0154_0053.JPG 21.17645985 51.72028439 211.83582283 0.22847072 0.91925432 -137.58699108
100_0154_0054.JPG 21.17667393 51.72027709 211.75727875 -0.38229149 0.95235673 -99.26067037
100_0154_0055.JPG 21.17694369 51.72024114 212.07495838 -0.50809613 1.16150207 -98.35594204
100_0154_0056.JPG 21.17698498 51.72029782 211.84525712 -0.52555410 -0.57623564 -18.03460768
100_0154_0057.JPG 21.17702941 51.72047433 211.79764855 -0.64414882 -0.88289740 -10.66348980
100_0154_0058.JPG 21.17707967 51.72068702 211.90219526 -0.79292577 -0.87385406 -9.89971742
100_0154_0059.JPG 21.17712969 51.72089958 211.87902120 -0.85749704 -0.88655140 -9.74098118
100_0154_0060.JPG 21.17718020 51.72111560 211.83551109 -0.88271635 -0.86295164 -10.38437873
100_0154_0061.JPG 21.17723072 51.72132726 211.89048605 -0.88001528 -0.86552463 -11.11236572
100_0154_0062.JPG 21.17728171 51.72154398 211.89859872 -0.89639228 -0.84819172 -11.59128410
100_0154_0063.JPG 21.17733149 51.72175777 211.92050610 -0.88009010 -0.85166977 -11.66700322
100_0154_0064.JPG 21.17738259 51.72197107 211.92411865 -0.90555691 -0.86664301 -11.93532651
100_0154_0065.JPG 21.17743437 51.72218636 211.89905672 -0.97540932 -0.87748836 -12.39202580
100_0154_0066.JPG 21.17748471 51.72240052 211.89717525 -0.98721138 -0.90434095 -12.36340549
100_0154_0067.JPG 21.17753387 51.72261322 211.81680044 -0.98526028 -0.95581752 -9.82526862
100_0154_0068.JPG 21.17758491 51.72282719 211.85052141 -1.04437326 -0.96028678 -8.62468880
100_0154_0069.JPG 21.17763663 51.72304289 211.90550983 -1.02028137 -0.92678619 -8.73051376
100_0154_0070.JPG 21.17768682 51.72325566 211.90189585 -1.00291223 -0.92532409 -8.64554731
100_0154_0071.JPG 21.17773692 51.72346955 211.86677405 -1.04053348 -0.92974809 -8.73553308
100_0154_0072.JPG 21.17778833 51.72368501 211.87186999 -1.08338615 -0.93590990 -8.59581660
100_0154_0073.JPG 21.17783937 51.72389706 211.87520412 -1.08530737 -0.88392446 -8.49589408
100_0154_0074.JPG 21.17789103 51.72411203 211.87427196 -1.12368594 -0.83524543 -8.41693506
100_0154_0075.JPG 21.17794130 51.72432518 211.88311664 -1.10591765 -0.78001944 -8.04861016
100_0154_0076.JPG 21.17799229 51.72454064 211.90031979 -1.11651066 -0.75363831 -7.68755738
100_0154_0077.JPG 21.17804211 51.72475240 211.91446845 -1.11021334 -0.71704472 -7.26128734
100_0154_0078.JPG 21.17809331 51.72496856 211.91486932 -1.10423548 -0.74939871 -7.08960502
100_0154_0079.JPG 21.17814364 51.72518150 211.88155290 -1.10150884 -0.72597323 -6.76477792
100_0154_0080.JPG 21.17819393 51.72539689 211.88252104 -1.10328211 -0.76938269 -6.19511257
100_0154_0081.JPG 21.17824490 51.72560967 211.88274352 -1.06529430 -0.75061516 -5.68454674
100_0154_0082.JPG 21.17829575 51.72582369 211.90066197 -1.04404123 -0.75827356 -5.50992412
100_0154_0083.JPG 21.17834699 51.72603758 211.89290214 -1.03062227 -0.77419941 -4.78804309
100_0154_0084.JPG 21.17839753 51.72625099 211.90441610 -1.03851470 -0.77371265 -4.64048870
100_0154_0085.JPG 21.17844859 51.72646677 211.91247308 -1.06723943 -0.73085015 -3.90651077
100_0154_0086.JPG 21.17849809 51.72667819 211.90296750 -1.04011319 -0.77926177 -3.61889011
100_0154_0087.JPG 21.17854940 51.72689433 211.93955400 -0.99070480 -0.76271452 -3.04803794
100_0154_0088.JPG 21.17859951 51.72710712 211.93481288 -0.99475639 -0.73998616 -2.40265451
100_0154_0089.JPG 21.17865119 51.72732249 211.93614919 -0.97489467 -0.72583427 -2.10840560
100_0154_0090.JPG 21.17870192 51.72753598 211.93496215 -0.97004471 -0.71535011 -1.62127494
100_0154_0091.JPG 21.17875330 51.72774970 211.92400045 -1.02596794 -0.68215268 -3.78124647
100_0154_0092.JPG 21.17880277 51.72796402 211.89970473 -1.02952883 -0.63478541 -5.20174776
100_0154_0093.JPG 21.17885215 51.72817795 211.86242689 -1.00539110 -0.62574760 -4.85905937
100_0154_0094.JPG 21.17890316 51.72839150 211.94029720 -1.05254308 -0.58177550 -4.42542702
100_0154_0095.JPG 21.17895337 51.72860472 211.91421915 -1.06462311 -0.59987413 -3.72321128
100_0154_0096.JPG 21.17900402 51.72881805 211.89279517 -1.04363887 -0.61892918 -3.74974195
100_0154_0097.JPG 21.17905260 51.72903194 211.85932991 -1.06071882 -0.64053673 -3.52163358
100_0154_0098.JPG 21.17910440 51.72924926 211.88688477 -1.04635419 -0.70459207 -2.89817326
100_0154_0099.JPG 21.17915568 51.72946198 211.91331753 -0.99490685 -0.77175258 -2.27846913
100_0154_0100.JPG 21.17920750 51.72967672 211.88094589 -0.95833838 -0.78931569 -1.91418989
100_0154_0101.JPG 21.17925825 51.72988882 211.87296850 -0.96694387 -0.80646634 -1.74334857
100_0154_0102.JPG 21.17930925 51.73010465 211.90271277 -0.95220109 -0.81424656 -1.21950483
100_0154_0103.JPG 21.17936047 51.73031840 211.93471943 -0.94348256 -0.84400517 -0.89915334
100_0154_0104.JPG 21.17941173 51.73053150 211.96947563 -0.93728163 -0.84802451 -0.60145003
100_0154_0105.JPG 21.17946136 51.73074378 211.93906519 -0.93477878 -0.86501216 -0.27441086
100_0154_0106.JPG 21.17950761 51.73090971 211.94480665 -0.93354342 -0.85548310 1.57529504
100_0154_0107.JPG 21.17959122 51.73090777 211.88152904 -1.02018601 0.00874544 -84.27511057
100_0154_0108.JPG 21.17986690 51.73089351 211.98777689 -0.87990991 0.43043874 -92.47900687
100_0154_0109.JPG 21.18003988 51.73085735 212.02939029 -0.61891607 0.79977882 -104.69437321
100_0154_0110.JPG 21.18001226 51.73075189 211.77839967 0.38080501 0.57703636 -178.84130571
100_0154_0111.JPG 21.17996068 51.73057780 211.82457047 0.61509397 0.45075838 176.60138786
100_0154_0112.JPG 21.17991829 51.73036085 211.86026104 0.82071134 0.43158001 176.00151347
100_0154_0113.JPG 21.17986857 51.73014710 211.87091277 0.98599867 0.36096403 174.36753685
100_0154_0114.JPG 21.17981748 51.72993056 211.88886211 1.02349002 0.31806829 174.29881943
100_0154_0115.JPG 21.17976750 51.72971726 211.85713133 1.09581931 0.36960912 173.55258033
100_0154_0116.JPG 21.17971639 51.72950493 211.86030545 1.12580459 0.36758991 173.24687763
100_0154_0117.JPG 21.17966497 51.72929040 211.91863814 1.16578534 0.32746748 173.08104601
100_0154_0118.JPG 21.17961439 51.72907651 211.91951468 1.20057847 0.30305152 172.47349147
100_0154_0119.JPG 21.17956266 51.72886254 211.91909946 1.22291394 0.31249976 172.55470263
100_0154_0120.JPG 21.17951179 51.72864671 211.92224807 1.27161665 0.29297467 172.32545206
100_0154_0121.JPG 21.17946200 51.72843386 211.92320996 1.25954086 0.25253299 172.09808536
100_0154_0122.JPG 21.17941191 51.72821834 211.94448449 1.25987068 0.23007289 171.76563104
100_0154_0123.JPG 21.17936018 51.72800424 211.92077204 1.27786848 0.18658340 171.26570944
100_0154_0124.JPG 21.17931019 51.72779050 211.93366154 1.26368272 0.15924155 171.38084064
100_0154_0125.JPG 21.17925966 51.72757557 211.91981246 1.26924424 0.12264575 170.89180101
100_0154_0126.JPG 21.17920790 51.72736364 211.87064219 1.25151643 0.12216623 170.27039496
100_0154_0127.JPG 21.17915766 51.72715193 211.86470065 1.21801274 0.15208244 170.84120134
100_0154_0128.JPG 21.17910661 51.72693587 211.93751617 1.12439916 0.17450164 170.43118739
100_0154_0129.JPG 21.17905835 51.72672106 211.90104681 1.08101177 0.21365394 170.64385887
100_0154_0130.JPG 21.17901027 51.72650739 211.97769506 1.08249698 0.19361941 169.66830877
100_0154_0131.JPG 21.17895991 51.72629192 211.96627864 1.11065766 0.22953534 169.55131365
100_0154_0132.JPG 21.17890651 51.72607560 211.95752412 1.11801668 0.23292274 169.52016846
100_0154_0133.JPG 21.17885425 51.72586379 211.90374636 1.08746354 0.27413424 170.05719360
100_0154_0134.JPG 21.17880208 51.72565256 211.90534010 1.08489974 0.30792655 170.42651152
100_0154_0135.JPG 21.17875138 51.72543901 211.84253573 1.07436525 0.32905166 170.09950612
100_0154_0136.JPG 21.17870121 51.72522591 211.88046804 1.06481192 0.34966449 170.57599349
100_0154_0137.JPG 21.17865055 51.72501253 211.88634428 1.07857448 0.37603680 170.86483905
100_0154_0138.JPG 21.17859931 51.72479818 211.90239621 1.04487889 0.38277788 171.07700937
100_0154_0139.JPG 21.17854964 51.72458301 211.94248470 1.05336838 0.37861070 171.42091004
100_0154_0140.JPG 21.17850058 51.72436837 211.88068918 0.99651939 0.36971095 171.75578675
100_0154_0141.JPG 21.17845008 51.72415670 211.92393524 0.99122006 0.35428103 171.57653981
100_0154_0142.JPG 21.17839734 51.72394063 211.92502808 0.96293036 0.36277228 171.93238867
100_0154_0143.JPG 21.17834670 51.72372754 211.91769938 0.96867540 0.38756173 172.33170845
100_0154_0144.JPG 21.17829460 51.72351170 211.90768100 0.94911362 0.41368137 172.47205481
100_0154_0145.JPG 21.17824438 51.72329993 211.85817581 0.93115742 0.42471993 172.67918937
100_0154_0146.JPG 21.17819434 51.72308480 211.87082479 0.89834791 0.41712906 173.25323889
100_0154_0147.JPG 21.17814470 51.72287096 211.88531866 0.84744347 0.41161071 173.12782550
100_0154_0148.JPG 21.17809290 51.72265676 211.88742833 0.83282918 0.40671915 173.33040060
100_0154_0149.JPG 21.17804200 51.72244235 211.88322978 0.83093166 0.41961650 173.46000715
100_0154_0150.JPG 21.17799173 51.72223007 211.88661047 0.85778446 0.40672527 173.76255096
100_0154_0151.JPG 21.17794027 51.72201507 211.89985268 0.84825289 0.39238606 174.17155358
100_0154_0152.JPG 21.17789011 51.72180118 211.87709417 0.83447857 0.38613254 174.02276483
100_0154_0153.JPG 21.17784036 51.72158873 211.86268701 0.83376258 0.39981400 174.00412380
100_0154_0154.JPG 21.17779005 51.72137123 211.88528529 0.82990698 0.41097611 174.29610392
100_0154_0155.JPG 21.17773900 51.72115905 211.88174133 0.82057799 0.44638421 174.35380137
100_0154_0156.JPG 21.17768863 51.72094502 211.89210417 0.79382908 0.46710447 174.10315593
100_0154_0157.JPG 21.17763812 51.72072912 211.88557240 0.85038229 0.45742751 174.17076075
100_0154_0158.JPG 21.17758609 51.72051500 211.91451238 0.89390131 0.45401147 174.16305596
100_0154_0159.JPG 21.17753862 51.72032285 211.88027049 1.05784541 0.45042097 174.23661451
100_0154_0160.JPG 21.17750614 51.72018641 211.91250577 1.13736287 0.43818395 174.27462163
100_0162_0001.JPG 21.18149453 51.74163200 212.03282774 0.70361230 0.43165818 175.87354823
100_0162_0002.JPG 21.18145916 51.74153344 211.97699630 0.72392247 0.57544627 176.06054894
100_0162_0003.JPG 21.18142463 51.74134686 211.96700451 0.69291441 0.64043204 176.25324272
100_0162_0004.JPG 21.18137436 51.74112595 211.91706105 0.68463941 0.64431488 174.32404011
100_0162_0005.JPG 21.18132262 51.74090824 211.92138295 0.59343509 0.67312524 173.37046776
100_0162_0006.JPG 21.18126996 51.74068886 211.95199387 0.53442651 0.68303664 173.40179355
100_0162_0007.JPG 21.18121767 51.74046861 211.94125016 0.45683724 0.70224791 172.73349530
100_0162_0008.JPG 21.18116683 51.74025096 211.88353335 0.41337242 0.67195823 173.14554360
100_0162_0009.JPG 21.18111606 51.74003308 211.91489622 0.42520897 0.64203214 171.62897610
100_0162_0010.JPG 21.18106292 51.73981209 211.93625975 0.39420588 0.64204333 171.77996344
100_0162_0011.JPG 21.18101188 51.73959366 211.94333069 0.38453552 0.67088510 171.72799381
100_0162_0012.JPG 21.18096089 51.73937432 211.94347256 0.40288631 0.65251849 170.59502259
100_0162_0013.JPG 21.18090792 51.73915426 211.95960545 0.41627602 0.63204299 170.69821729
100_0162_0014.JPG 21.18085519 51.73893691 211.94872648 0.43677892 0.65574524 170.84022359
100_0162_0015.JPG 21.18080460 51.73871838 211.94742778 0.43597486 0.66040086 170.03222115
100_0162_0016.JPG 21.18075263 51.73849679 211.93569959 0.43990415 0.63415894 169.29661879
100_0162_0017.JPG 21.18070006 51.73827852 211.93183419 0.46452058 0.63102133 169.43404728
100_0162_0018.JPG 21.18064627 51.73805849 211.93637506 0.47295973 0.59950263 169.80371870
100_0162_0019.JPG 21.18059613 51.73783974 211.98416622 0.44786963 0.57546759 169.70911441
100_0162_0020.JPG 21.18054397 51.73761926 212.00938204 0.49438670 0.56934658 169.29912298
100_0162_0021.JPG 21.18049165 51.73740196 211.98605551 0.53872912 0.50326459 168.83717680
100_0162_0022.JPG 21.18044013 51.73718216 211.99165197 0.53272752 0.46969681 168.74900681
100_0162_0023.JPG 21.18038804 51.73696596 211.96380966 0.55781862 0.44790107 168.72813597
100_0162_0024.JPG 21.18033581 51.73674632 211.94499554 0.53915551 0.38945892 168.58248852
100_0162_0025.JPG 21.18028473 51.73652621 211.94445702 0.58478873 0.37519984 169.18272137
100_0162_0026.JPG 21.18023372 51.73630679 211.94115215 0.60756530 0.32724642 168.22844153
100_0162_0027.JPG 21.18018340 51.73608557 211.92833384 0.59941736 0.35275045 168.14612081
100_0162_0028.JPG 21.18013039 51.73586972 211.91850540 0.58012613 0.34157912 168.98253782
100_0162_0029.JPG 21.18007885 51.73564863 211.92668650 0.59084223 0.32675276 168.35663148
100_0162_0030.JPG 21.18002695 51.73543079 211.91162390 0.62300398 0.33045555 168.57985650
100_0162_0031.JPG 21.17997583 51.73521232 211.91690148 0.63671828 0.32937119 168.43230244
100_0162_0032.JPG 21.17992331 51.73499033 211.93444073 0.69602426 0.32586850 168.14090523
100_0162_0033.JPG 21.17987122 51.73477238 211.91854225 0.70910810 0.31438884 167.96276484
100_0162_0034.JPG 21.17982088 51.73455341 211.93945580 0.73402373 0.30868320 167.76784247
100_0162_0035.JPG 21.17976931 51.73433229 212.07625254 0.77974994 0.33335313 167.83730769
100_0162_0036.JPG 21.17971624 51.73411138 212.00742166 0.81872113 0.34362112 167.74636568
100_0162_0037.JPG 21.17966253 51.73389613 211.87946465 0.87703160 0.36985086 168.17472550
100_0162_0038.JPG 21.17961062 51.73367537 211.88542635 0.92831383 0.38012596 169.04823886
100_0162_0039.JPG 21.17955770 51.73345727 211.91486238 0.95763323 0.37205323 168.53242592
100_0162_0040.JPG 21.17950748 51.73323784 211.93090580 0.99796527 0.38052219 168.82462112
100_0162_0041.JPG 21.17945578 51.73301785 211.91370210 1.06989819 0.41538992 168.19987119
100_0162_0042.JPG 21.17940218 51.73279957 211.86410144 1.07617826 0.42880277 169.21366638
100_0162_0043.JPG 21.17935166 51.73258213 211.90715613 1.10843748 0.45116485 169.16361791
100_0162_0044.JPG 21.17929928 51.73236424 211.92190862 1.14417126 0.43413415 169.12196666
100_0162_0045.JPG 21.17924748 51.73214645 211.90528687 1.18544623 0.41409385 169.37582892
100_0162_0046.JPG 21.17919382 51.73192838 211.90224366 1.10995715 0.42181070 169.94453688
100_0162_0047.JPG 21.17914245 51.73170920 211.96371867 1.08225425 0.44534201 170.06981788
100_0162_0048.JPG 21.17909061 51.73149044 211.91597312 1.05492960 0.45096106 170.26811842
100_0162_0049.JPG 21.17903705 51.73127157 211.89441343 0.99426218 0.43422790 170.79112226
100_0162_0050.JPG 21.17898706 51.73105185 211.89914875 1.03727173 0.47161858 171.93200022
100_0162_0051.JPG 21.17898757 51.73095790 211.84328513 0.71070180 0.56965673 -160.96592867
100_0162_0052.JPG 21.17921704 51.73094792 211.78778779 -0.23636125 0.49080078 -104.87824502
100_0162_0053.JPG 21.17949090 51.73091321 212.13794329 -0.30942395 0.62118311 -101.92246548
100_0162_0054.JPG 21.17952360 51.73100086 211.92383051 -0.46812084 -0.55108830 -15.93508514
100_0162_0055.JPG 21.17957756 51.73122153 211.86149002 -0.59844780 -0.67145275 -11.04358511
100_0162_0056.JPG 21.17962926 51.73143764 211.93428108 -0.72759921 -0.70031555 -11.04736045
100_0162_0057.JPG 21.17968128 51.73165840 211.91660501 -0.82722136 -0.72595992 -10.57758409
100_0162_0058.JPG 21.17973289 51.73187638 211.91312685 -0.87968020 -0.73263009 -10.03475662
100_0162_0059.JPG 21.17978538 51.73209724 211.99331285 -0.96835020 -0.72790204 -9.63968849
100_0162_0060.JPG 21.17983675 51.73231616 211.94084069 -1.03600518 -0.70817373 -9.32403703
100_0162_0061.JPG 21.17988810 51.73253407 211.94149054 -1.05350552 -0.70976924 -9.20928092
100_0162_0062.JPG 21.17994045 51.73275348 211.94764646 -1.10027459 -0.70710839 -9.38489701
100_0162_0063.JPG 21.17999135 51.73297251 211.92996014 -1.05873876 -0.68939224 -9.33988168
100_0162_0064.JPG 21.18004330 51.73319024 211.97990266 -1.10778173 -0.67538896 -9.16198978
100_0162_0065.JPG 21.18009536 51.73340877 211.99322917 -1.15336225 -0.66284982 -9.45663208
100_0162_0066.JPG 21.18014616 51.73362963 212.01136467 -1.19045405 -0.65652855 -8.78000196
100_0162_0067.JPG 21.18019936 51.73384791 211.98063576 -1.25012032 -0.64601014 -8.62759789
100_0162_0068.JPG 21.18024954 51.73406813 211.92514733 -1.29749383 -0.63740870 -8.23228843
100_0162_0069.JPG 21.18030008 51.73428599 211.83842919 -1.26840717 -0.63007405 -8.26478877
100_0162_0070.JPG 21.18035275 51.73450606 211.88872847 -1.25938293 -0.64387218 -8.30396315
100_0162_0071.JPG 21.18040287 51.73472372 211.88993496 -1.18223378 -0.67275123 -8.13892654
100_0162_0072.JPG 21.18045531 51.73494209 211.88535640 -1.15833192 -0.74782865 -7.92846845
100_0162_0073.JPG 21.18050908 51.73516323 211.94735008 -1.13893421 -0.79533228 -7.84855286
100_0162_0074.JPG 21.18056173 51.73538143 211.92757028 -1.13532130 -0.76513522 -7.41196415
100_0162_0075.JPG 21.18061400 51.73560263 211.91352964 -1.14929103 -0.72924089 -7.01755569
100_0162_0076.JPG 21.18066464 51.73582070 211.90589532 -1.17899044 -0.77136738 -6.38693625
100_0162_0077.JPG 21.18071648 51.73604060 211.92173862 -1.13970826 -0.78957479 -5.95119362
100_0162_0078.JPG 21.18076818 51.73625839 211.93203012 -1.13134654 -0.79843147 -5.48710229
100_0162_0079.JPG 21.18082183 51.73647934 211.96624266 -1.11571385 -0.81917000 -5.43586995
100_0162_0080.JPG 21.18087476 51.73669768 211.96230626 -1.12884034 -0.80946526 -4.94603759
100_0162_0081.JPG 21.18092503 51.73691709 211.91192731 -1.09371233 -0.78614283 -4.44626662
100_0162_0082.JPG 21.18097570 51.73713579 211.87816174 -1.10306757 -0.79307133 -3.88318282
100_0162_0083.JPG 21.18102720 51.73735388 211.92013774 -1.04017484 -0.84267032 -3.68054087
100_0162_0084.JPG 21.18107972 51.73757462 211.94264218 -1.00873334 -0.84297106 -3.23755875
100_0162_0085.JPG 21.18113126 51.73779238 211.93350389 -0.97633282 -0.85790365 -2.81260464
100_0162_0086.JPG 21.18118307 51.73801188 211.92490129 -0.97071916 -0.86025267 -2.56646106
100_0162_0087.JPG 21.18123560 51.73822966 211.95362113 -0.95572770 -0.85604786 -1.86397720
100_0162_0088.JPG 21.18128656 51.73845001 211.94022520 -0.98243432 -0.90468080 -1.45411141
100_0162_0089.JPG 21.18134040 51.73866901 212.00850257 -0.95681280 -0.93851736 -1.00091706
100_0162_0090.JPG 21.18139241 51.73888901 211.96382256 -0.93814990 -0.92840175 -0.77935787
100_0162_0091.JPG 21.18144459 51.73910624 211.95231387 -0.93057977 -0.94490243 -0.12387380
100_0162_0092.JPG 21.18149562 51.73932696 211.91157100 -0.92266333 -0.97582644 0.42029995
100_0162_0093.JPG 21.18154829 51.73954543 211.97345147 -0.92355080 -0.94105305 0.83359758
100_0162_0094.JPG 21.18160006 51.73976541 211.95515914 -0.87495996 -0.92337916 1.54446029
100_0162_0095.JPG 21.18165188 51.73998329 211.94193117 -0.89883743 -0.90635604 1.63038919
100_0162_0096.JPG 21.18170224 51.74020357 211.93258807 -0.88767626 -0.88411113 1.49798934
100_0162_0097.JPG 21.18175354 51.74042297 211.90286296 -0.94933343 -0.82818208 -2.31475974
100_0162_0098.JPG 21.18180441 51.74064117 211.91950374 -0.94618630 -0.82354638 -3.01809314
100_0162_0099.JPG 21.18185704 51.74086029 212.01801907 -0.93408757 -0.84666720 -2.66203715
100_0162_0100.JPG 21.18190955 51.74107863 211.98781809 -0.95775272 -0.86125683 -2.69431400
100_0162_0101.JPG 21.18196104 51.74129817 211.98193454 -0.94508551 -0.87743356 -2.29234551
100_0162_0102.JPG 21.18201262 51.74149104 211.98982264 -0.93652631 -0.87271467 -1.47206341
100_0162_0103.JPG 21.18205187 51.74158609 211.95586991 -1.11880527 -0.65827469 -25.72344025
100_0162_0104.JPG 21.18224375 51.74157772 211.97344227 -0.96900440 0.12448734 -91.64319650
100_0162_0105.JPG 21.18253267 51.74154394 212.15345486 -0.80380240 0.68600221 -95.84219846
100_0162_0106.JPG 21.18254924 51.74148032 211.92308746 0.39107894 0.60263242 -175.33256762
100_0162_0107.JPG 21.18251081 51.74130758 211.92499600 0.65302906 0.49448368 175.90828201
100_0162_0108.JPG 21.18246097 51.74110296 211.91894843 0.78134244 0.38454656 173.41505324
100_0162_0109.JPG 21.18241280 51.74088104 211.90511992 0.87217252 0.33764931 172.73030869
100_0162_0110.JPG 21.18236181 51.74065705 211.92796069 1.02134444 0.33956065 171.46899154
100_0162_0111.JPG 21.18230956 51.74044193 211.91880880 1.07588754 0.33414905 171.76977967
100_0162_0112.JPG 21.18225551 51.74022133 211.97491809 1.14252999 0.35089082 172.68361217
100_0162_0113.JPG 21.18220280 51.74000376 211.93922043 1.19572695 0.35756284 173.12495250
100_0162_0114.JPG 21.18215159 51.73978275 211.94673645 1.22110930 0.32388191 172.40422490
100_0162_0115.JPG 21.18210051 51.73956429 211.95007971 1.24286247 0.32501890 172.21824459
100_0162_0116.JPG 21.18204832 51.73934645 211.92776654 1.28597871 0.29511476 171.68506691
100_0162_0117.JPG 21.18199751 51.73912574 211.95738254 1.28229268 0.30140977 171.48216226
100_0162_0118.JPG 21.18194413 51.73890574 211.95170947 1.26868086 0.28379125 171.11324348
100_0162_0119.JPG 21.18189141 51.73869038 211.91803205 1.22818380 0.27689557 170.75727678
100_0162_0120.JPG 21.18183986 51.73847063 211.91758797 1.23580600 0.26368239 171.05924773
100_0162_0121.JPG 21.18178718 51.73825104 211.97557824 1.23985381 0.22261631 170.78929113
100_0162_0122.JPG 21.18173558 51.73803124 211.96089125 1.21044826 0.20738977 171.00385382
100_0162_0123.JPG 21.18168364 51.73781191 211.98364716 1.14834994 0.18712916 170.66720293
100_0162_0124.JPG 21.18163197 51.73759194 211.92743460 1.14859699 0.18394160 170.26612858
100_0162_0125.JPG 21.18157934 51.73737351 211.94135073 1.14150432 0.17379031 170.14926996
100_0162_0126.JPG 21.18152861 51.73715563 211.96356221 1.05597943 0.18156623 170.37847586
100_0162_0127.JPG 21.18147701 51.73693367 211.99175919 1.03942152 0.16175582 169.60649954
100_0162_0128.JPG 21.18142592 51.73671620 211.93835926 1.02126711 0.17010412 170.13349691
100_0162_0129.JPG 21.18137392 51.73649537 211.95196266 1.02140393 0.17569229 169.67081110
100_0162_0130.JPG 21.18132197 51.73627729 211.95077956 0.99924504 0.20896845 169.80658589
100_0162_0131.JPG 21.18126832 51.73605877 211.90146282 0.95783254 0.22097233 170.01098487
100_0162_0132.JPG 21.18121912 51.73583971 211.92693039 0.94943647 0.21066005 170.16388797
100_0162_0133.JPG 21.18116806 51.73561960 211.98099235 0.98299430 0.23188897 170.40766304
100_0162_0134.JPG 21.18111609 51.73539904 211.98600926 1.01836506 0.28782455 170.16781475
100_0162_0135.JPG 21.18106624 51.73518172 211.90842981 1.03084634 0.30631436 169.89720812
100_0162_0136.JPG 21.18101222 51.73496413 211.92723893 1.04979749 0.29609907 169.48740570
100_0162_0137.JPG 21.18095775 51.73474317 211.93069836 1.07126748 0.33784635 170.66023059
100_0162_0138.JPG 21.18090884 51.73452611 211.96433348 1.07917578 0.39564177 169.73354912
100_0162_0139.JPG 21.18085790 51.73430479 211.97004011 1.13876088 0.43006521 169.72440623
100_0162_0140.JPG 21.18080396 51.73408902 211.91782126 1.12409794 0.46620119 170.64068195
100_0162_0141.JPG 21.18074869 51.73387113 211.92274761 1.08511962 0.48201740 171.02292016
100_0162_0142.JPG 21.18069586 51.73365298 211.92887480 1.03971157 0.47600117 172.14464612
100_0162_0143.JPG 21.18064568 51.73343291 211.89382613 1.06481688 0.46655787 172.27018768
100_0162_0144.JPG 21.18059565 51.73321407 211.86965798 1.03484971 0.49280952 171.68119983
100_0162_0145.JPG 21.18054211 51.73299552 211.87327969 0.95928156 0.48933194 172.04663503
100_0162_0146.JPG 21.18048882 51.73278895 211.92486238 0.88124200 0.51224514 172.58505407
100_0162_0147.JPG 21.18044081 51.73258038 211.91663931 0.87014420 0.50861735 173.05104437
100_0162_0148.JPG 21.18039003 51.73236457 211.91063503 0.82908233 0.52507359 173.07067224
100_0162_0149.JPG 21.18034083 51.73214175 211.92896835 0.84401329 0.52969261 173.56377884
100_0162_0150.JPG 21.18029001 51.73191910 211.89471397 0.90210532 0.50207707 172.94863484
100_0162_0151.JPG 21.18023692 51.73170088 211.92168207 0.89141526 0.47080773 173.09525908
100_0162_0152.JPG 21.18018533 51.73148405 211.92839446 0.91412180 0.46696990 173.20247469
100_0162_0153.JPG 21.18013348 51.73126690 211.92437361 0.88593300 0.45155268 173.27414531
100_0162_0154.JPG 21.18008133 51.73105038 211.89317394 0.88636765 0.46506710 173.11785870
100_0162_0155.JPG 21.18003915 51.73086872 212.01773664 0.90201231 0.46447693 172.96523356
DJI_0163.JPG 21.17975788 51.73100792 212.00891981 44.02584356 2.89853101 4.67715753
DJI_0164.JPG 21.17969848 51.73132528 212.03517645 43.91892448 2.27895952 3.76185424
DJI_0165.JPG 21.17969212 51.73163325 212.24359644 43.86736618 2.14446107 3.48770405
DJI_0166.JPG 21.17974210 51.73201692 212.19185650 43.82053134 1.96190818 3.19273914
DJI_0167.JPG 21.17980493 51.73232420 212.20777390 43.81510818 1.77919776 2.91839977
DJI_0168.JPG 21.17985955 51.73258043 212.14714383 43.86908150 1.99014715 3.10934426
100_0202_0001.JPG 21.18402455 51.75231076 209.17813436 0.35668726 0.91419968 173.62866828
100_0202_0002.JPG 21.18399622 51.75220558 209.03175530 0.25030165 1.04079754 173.61435224
100_0202_0003.JPG 21.18394869 51.75198784 209.06485380 0.17833010 1.10421135 173.56106132
100_0202_0004.JPG 21.18389873 51.75176935 209.02662081 0.10009703 1.15787862 174.10238174
100_0202_0005.JPG 21.18384606 51.75154884 209.00269200 0.00305945 1.20402095 173.18383858
100_0202_0006.JPG 21.18379246 51.75133231 208.94980349 -0.09951018 1.26587349 174.07584860
100_0202_0007.JPG 21.18374113 51.75111422 208.98803292 -0.13948706 1.30058306 174.00030597
100_0202_0008.JPG 21.18369054 51.75089445 208.98126106 -0.21054185 1.28739858 174.16557651
100_0202_0009.JPG 21.18364047 51.75067479 208.99936215 -0.22381758 1.29630664 174.08494099
100_0202_0010.JPG 21.18359033 51.75045926 208.97837963 -0.20740025 1.28160334 174.00538500
100_0202_0011.JPG 21.18353572 51.75023946 209.00811741 -0.21586538 1.28826135 174.32861644
100_0202_0012.JPG 21.18348422 51.75002046 209.01939096 -0.19964425 1.32192092 174.87960214
100_0202_0013.JPG 21.18343204 51.74979979 208.99465551 -0.23654246 1.32006475 174.74215549
100_0202_0014.JPG 21.18338009 51.74958130 208.96937126 -0.20802198 1.30827401 174.89241766
100_0202_0015.JPG 21.18332780 51.74935951 208.97556349 -0.15309843 1.29665960 175.34865438
100_0202_0016.JPG 21.18327727 51.74914156 208.99558546 -0.09369652 1.24574149 175.18430305
100_0202_0017.JPG 21.18322457 51.74892125 208.95369426 -0.03616937 1.19700748 175.00450010
100_0202_0018.JPG 21.18317419 51.74870210 208.99906613 0.03396745 1.14856280 174.26004495
100_0202_0019.JPG 21.18312039 51.74848342 209.08586333 0.16286993 1.11295998 173.94482320
100_0202_0020.JPG 21.18306639 51.74826301 209.01796748 0.23552789 1.05599818 174.59795919
100_0202_0021.JPG 21.18301573 51.74804684 208.92526315 0.23795833 1.03506476 174.52687349
100_0202_0022.JPG 21.18296294 51.74782790 208.98969152 0.27563407 1.01667490 174.01790479
100_0202_0023.JPG 21.18291315 51.74760974 209.04209417 0.27661979 1.01570017 174.54411036
100_0202_0024.JPG 21.18286011 51.74738837 209.04458907 0.25115853 0.96955717 174.34533156
100_0202_0025.JPG 21.18280699 51.74717054 209.02727383 0.26901751 0.92934843 173.77329049
100_0202_0026.JPG 21.18275469 51.74695191 209.01238749 0.26348191 0.89513213 174.03105839
100_0202_0027.JPG 21.18270156 51.74673494 208.96235937 0.29565799 0.88868999 174.18341630
100_0202_0028.JPG 21.18265088 51.74651814 208.90783288 0.33183841 0.90037979 174.97119571
100_0202_0029.JPG 21.18260039 51.74629639 208.96924416 0.37915051 0.90645071 174.80389150
100_0202_0030.JPG 21.18254881 51.74607782 208.99350781 0.38086368 0.91395816 174.45305192
100_0202_0031.JPG 21.18249623 51.74585737 208.99495334 0.40655283 0.89021694 174.41486647
100_0202_0032.JPG 21.18244424 51.74564232 208.93455117 0.39697490 0.88555251 174.59317551
100_0202_0033.JPG 21.18239236 51.74541993 208.96994436 0.39056881 0.87715068 174.77334696
100_0202_0034.JPG 21.18234077 51.74520199 208.94248759 0.42530956 0.86907865 174.61126392
100_0202_0035.JPG 21.18228959 51.74498078 208.96265599 0.44727281 0.83861577 174.71701140
100_0202_0036.JPG 21.18224098 51.74476087 208.99080428 0.46024139 0.84364903 174.33235081
100_0202_0037.JPG 21.18218815 51.74453997 209.04037800 0.49314682 0.82792123 174.17337375
100_0202_0038.JPG 21.18213783 51.74432192 209.04137591 0.55047584 0.80042959 173.76806096
100_0202_0039.JPG 21.18208037 51.74410549 209.00691016 0.56995370 0.77508061 173.48039689
100_0202_0040.JPG 21.18203061 51.74388471 209.01334518 0.63886174 0.75976977 174.33649851
100_0202_0041.JPG 21.18197956 51.74366727 209.02324758 0.66249378 0.73252113 173.49583139
100_0202_0042.JPG 21.18192445 51.74344823 208.98163001 0.63796171 0.70223033 173.75501612
100_0202_0043.JPG 21.18187103 51.74323118 208.96683531 0.63012004 0.71329906 175.06868329
100_0202_0044.JPG 21.18182128 51.74300954 208.97206816 0.68582163 0.69131971 174.37093028
100_0202_0045.JPG 21.18176791 51.74279232 208.91861789 0.73126459 0.64643505 174.01679265
100_0202_0046.JPG 21.18171767 51.74257241 208.95134662 0.73003088 0.61165491 173.93474602
100_0202_0047.JPG 21.18166508 51.74235160 209.05261296 0.74638369 0.62719194 174.69732861
100_0202_0048.JPG 21.18161358 51.74213316 208.94921470 0.75505855 0.61682803 174.32282379
100_0202_0049.JPG 21.18156076 51.74191496 208.93297585 0.76799031 0.60709663 173.99594706
100_0202_0050.JPG 21.18151142 51.74169850 209.02572068 0.76305065 0.60757440 174.29802978
100_0202_0051.JPG 21.18153581 51.74163521 208.87902168 0.00330053 0.76800319 -130.62677016
100_0202_0052.JPG 21.18177412 51.74162157 208.84867692 -0.51391902 0.59261700 -101.60300662
100_0202_0053.JPG 21.18202582 51.74158724 209.16934799 -0.58215820 0.68668942 -99.03791145
100_0202_0054.JPG 21.18205498 51.74169094 208.85431097 -0.61052174 -0.68341370 -14.58111769
100_0202_0055.JPG 21.18210878 51.74191275 208.89451292 -0.64982285 -0.77843125 -10.03771666
100_0202_0056.JPG 21.18216016 51.74212974 208.99672445 -0.63815341 -0.81610370 -9.18381536
100_0202_0057.JPG 21.18221284 51.74235050 209.01174103 -0.67791824 -0.83732698 -9.33238823
100_0202_0058.JPG 21.18226322 51.74256662 208.94238854 -0.66898932 -0.85783702 -9.24058004
100_0202_0059.JPG 21.18231535 51.74278717 208.96885616 -0.67171895 -0.86267368 -9.22015213
100_0202_0060.JPG 21.18236811 51.74300543 208.98009280 -0.65623078 -0.88576641 -9.37974256
100_0202_0061.JPG 21.18242039 51.74322418 208.95198360 -0.66964857 -0.89293661 -9.25829040
100_0202_0062.JPG 21.18247117 51.74344302 208.98234701 -0.70427590 -0.89558315 -8.85125305
100_0202_0063.JPG 21.18252345 51.74366127 209.00165322 -0.75327679 -0.90535097 -8.56696488
100_0202_0064.JPG 21.18257610 51.74388171 208.99263729 -0.78016884 -0.87137442 -8.35547474
100_0202_0065.JPG 21.18262879 51.74410062 208.99715508 -0.81033126 -0.84471921 -7.98790886
100_0202_0066.JPG 21.18268131 51.74431903 209.00357846 -0.85267390 -0.79996092 -7.09778510
100_0202_0067.JPG 21.18273272 51.74453925 208.98099820 -0.86891840 -0.77251230 -6.67683215
100_0202_0068.JPG 21.18278405 51.74475748 208.96164412 -0.88688258 -0.74447872 -5.82717650
100_0202_0069.JPG 21.18283549 51.74497877 208.99121089 -0.91879919 -0.73217255 -4.87557849
100_0202_0070.JPG 21.18288473 51.74519510 208.95595455 -0.89073717 -0.70153946 -4.38182128
100_0202_0071.JPG 21.18293668 51.74541593 208.98330796 -0.89791383 -0.73319154 -3.41939727
100_0202_0072.JPG 21.18298980 51.74563503 209.00410120 -0.89014138 -0.72602822 -2.61488589
100_0202_0073.JPG 21.18304165 51.74585464 208.94129437 -0.88366258 -0.76409868 -2.13803603
100_0202_0074.JPG 21.18309490 51.74607307 208.92672183 -0.91330509 -0.77437237 -0.76551363
100_0202_0075.JPG 21.18314809 51.74629251 208.96858325 -0.86671946 -0.83385938 0.19599712
100_0202_0076.JPG 21.18319873 51.74651042 208.91665685 -0.83158670 -0.85875661 1.08399481
100_0202_0077.JPG 21.18324992 51.74672845 208.97073360 -0.83872812 -0.87656405 1.89659276
100_0202_0078.JPG 21.18330308 51.74694970 208.98821173 -0.85209593 -0.88077823 2.89906782
100_0202_0079.JPG 21.18335287 51.74716669 208.97755484 -0.83357112 -0.86012845 3.75972586
100_0202_0080.JPG 21.18340621 51.74738456 209.04646301 -0.84295219 -0.86724212 4.43970296
100_0202_0081.JPG 21.18345846 51.74760576 209.08519820 -0.88915031 -0.87903241 5.28116789
100_0202_0082.JPG 21.18350979 51.74782402 209.03582610 -0.94932429 -0.83455736 2.48719012
100_0202_0083.JPG 21.18356278 51.74804547 209.05638916 -1.07790574 -0.78053691 -4.80643486
100_0202_0084.JPG 21.18361489 51.74826338 209.00384365 -1.06571367 -0.75707069 -3.65452065
100_0202_0085.JPG 21.18366322 51.74848455 208.94595496 -1.05330084 -0.72652382 -3.19103215
100_0202_0086.JPG 21.18371479 51.74870183 208.93386772 -1.04288140 -0.74120819 -3.10452206
100_0202_0087.JPG 21.18376650 51.74892049 208.97830840 -1.02656760 -0.79310274 -2.68746644
100_0202_0088.JPG 21.18381938 51.74914166 209.00349078 -0.99140010 -0.79507537 -2.59603544
100_0202_0089.JPG 21.18387602 51.74935868 209.08874560 -0.93459570 -0.78872351 -2.19090833
100_0202_0090.JPG 21.18392344 51.74957686 208.97913293 -0.91857337 -0.76853868 -2.37704206
100_0202_0091.JPG 21.18397846 51.74979762 208.96679439 -0.91217092 -0.75396957 -2.29898782
100_0202_0092.JPG 21.18402962 51.75001488 208.96760833 -0.89031988 -0.71092927 -2.20105158
100_0202_0093.JPG 21.18408231 51.75023580 208.97831351 -0.93871314 -0.71641901 -2.15710264
100_0202_0094.JPG 21.18413467 51.75045441 209.04146402 -0.96385840 -0.74819346 -2.42774549
100_0202_0095.JPG 21.18418855 51.75067364 209.04923131 -0.97539281 -0.74538625 -2.25434693
100_0202_0096.JPG 21.18424080 51.75089230 209.03422081 -0.97629523 -0.76648328 -1.67556670
100_0202_0097.JPG 21.18429222 51.75111175 208.96652753 -0.99398745 -0.77931841 -1.87223284
100_0202_0098.JPG 21.18434324 51.75132969 209.01051524 -1.02425421 -0.74646073 -2.02473922
100_0202_0099.JPG 21.18439606 51.75155003 209.07367136 -1.04612569 -0.72856509 -2.54405496
100_0202_0100.JPG 21.18444556 51.75176751 209.02982095 -1.03411831 -0.69645091 -2.21486285
100_0202_0101.JPG 21.18449754 51.75198859 209.02011237 -1.06115680 -0.66272578 -2.49614265
100_0202_0102.JPG 21.18454831 51.75220119 208.97700259 -1.06057948 -0.64779591 -2.23346749
100_0202_0103.JPG 21.18461036 51.75225515 208.90860579 -1.17784579 -0.24186841 -65.02017939
100_0202_0104.JPG 21.18485650 51.75224666 209.01883504 -0.85343503 0.32449039 -94.42344408
100_0202_0105.JPG 21.18509715 51.75220987 209.12311845 -0.66479685 0.86505983 -98.84352243
100_0202_0106.JPG 21.18506563 51.75211251 208.82948001 0.50861475 0.45551828 174.83264291
100_0202_0107.JPG 21.18502452 51.75189792 208.98174901 0.75211785 0.38337953 168.86603019
100_0202_0108.JPG 21.18497871 51.75167790 209.01664816 0.86743132 0.22761984 165.94734817
100_0202_0109.JPG 21.18492473 51.75145868 209.00683708 0.95095062 0.24825751 169.24075692
100_0202_0110.JPG 21.18486935 51.75124148 208.94030769 1.05057737 0.32779578 171.04950926
100_0202_0111.JPG 21.18481702 51.75102246 209.01001737 1.12940108 0.37942661 170.89231237
100_0202_0112.JPG 21.18476606 51.75080562 208.96214965 1.13427518 0.39823913 169.98260338
100_0202_0113.JPG 21.18471435 51.75058657 209.00915808 1.16506098 0.41139611 169.42177264
100_0202_0114.JPG 21.18466155 51.75036896 209.02603703 1.21886312 0.39710095 169.50543705
100_0202_0115.JPG 21.18460912 51.75014987 209.05478544 1.28989325 0.35021074 168.79017743
100_0202_0116.JPG 21.18455869 51.74993097 209.04518800 1.25028347 0.33826595 169.06465951
100_0202_0117.JPG 21.18450617 51.74971022 209.00200721 1.23128762 0.32720096 169.26737813
100_0202_0118.JPG 21.18445388 51.74949210 208.99853690 1.27999946 0.26666645 168.55725192
100_0202_0119.JPG 21.18440227 51.74927307 208.99710333 1.32387653 0.21627536 168.40511610
100_0202_0120.JPG 21.18434993 51.74905424 208.93084311 1.34269894 0.18894359 167.63529632
100_0202_0121.JPG 21.18429866 51.74883701 208.94511662 1.33531886 0.19349547 167.68701205
100_0202_0122.JPG 21.18424719 51.74861731 208.96752059 1.29543983 0.19657125 167.45625395
100_0202_0123.JPG 21.18419778 51.74839709 209.03791541 1.28304842 0.15873947 166.92353929
100_0202_0124.JPG 21.18414191 51.74817779 209.02543740 1.25048317 0.20139372 166.14384820
100_0202_0125.JPG 21.18409228 51.74795455 209.08295940 1.27673217 0.19233798 166.40819313
100_0202_0126.JPG 21.18403813 51.74773617 209.02424572 1.24725457 0.20543557 166.25307240
100_0202_0127.JPG 21.18398594 51.74751693 208.98251642 1.18688667 0.27111334 169.23091238
100_0202_0128.JPG 21.18393343 51.74729845 209.02654264 1.21611249 0.32359605 170.50832097
100_0202_0129.JPG 21.18388027 51.74708639 208.88315843 1.19127071 0.37010008 171.19348097
100_0202_0130.JPG 21.18382885 51.74686681 208.96932013 1.19387804 0.39383037 170.67944679
100_0202_0131.JPG 21.18377803 51.74665001 209.01957393 1.18251689 0.40283517 171.09223731
100_0202_0132.JPG 21.18372641 51.74642958 209.02553560 1.20946753 0.37110396 171.39196057
100_0202_0133.JPG 21.18367588 51.74621188 208.99258060 1.18377198 0.38286384 171.50103800
100_0202_0134.JPG 21.18365221 51.74610434 208.87413007 1.08491797 0.20092862 171.11820275
100_0202_0135.JPG 21.18360805 51.74600059 208.94195507 1.18940304 0.40030847 172.09905769
100_0202_0136.JPG 21.18356473 51.74579772 208.96711462 1.19189356 0.50435858 173.14068320
100_0202_0137.JPG 21.18352141 51.74557496 208.99857900 1.21124893 0.48665771 172.79694398
100_0202_0138.JPG 21.18347067 51.74535491 208.98133841 1.20380439 0.48219810 173.45907470
100_0202_0139.JPG 21.18342023 51.74513749 209.00164861 1.14869026 0.51763849 173.65316487
100_0202_0140.JPG 21.18337000 51.74491874 208.94960157 1.12348441 0.55016676 174.04076923
100_0202_0141.JPG 21.18331938 51.74469948 208.97091874 1.12642727 0.53489755 173.99223714
100_0202_0142.JPG 21.18326731 51.74447989 208.98354614 1.07521401 0.49516379 174.11746311
100_0202_0143.JPG 21.18321547 51.74426105 208.96708047 1.07008734 0.49903815 174.11691964
100_0202_0144.JPG 21.18316333 51.74403984 209.03243868 1.04035435 0.51601558 173.59081019
100_0202_0145.JPG 21.18311150 51.74382060 209.01961659 1.00438535 0.53972514 173.89317911
100_0202_0146.JPG 21.18306032 51.74360324 209.03115008 0.98830676 0.57245466 173.99447837
100_0202_0147.JPG 21.18300777 51.74338625 208.96701794 1.01810256 0.58726518 173.91505964
100_0202_0148.JPG 21.18295624 51.74316612 208.98687180 1.02363268 0.59181497 174.26170600
100_0202_0149.JPG 21.18290346 51.74294674 209.02604472 1.02319349 0.59159258 174.17081228
100_0202_0150.JPG 21.18284784 51.74272587 209.04280325 1.04948477 0.61376020 174.35459189
100_0202_0151.JPG 21.18279532 51.74250906 208.98222569 1.00717854 0.61932303 174.47430606
100_0202_0152.JPG 21.18274462 51.74229018 208.93863693 0.97293387 0.59733394 174.85298078
100_0202_0153.JPG 21.18269396 51.74206883 208.94055092 0.97586862 0.58159736 175.03532739
100_0202_0154.JPG 21.18264199 51.74185028 209.01625531 0.95508112 0.57690249 174.64285978
100_0202_0155.JPG 21.18258952 51.74163112 208.99840672 0.97277042 0.56737938 175.18336497
DJI_0203.JPG 21.18260510 51.74175247 208.97901274 44.99982938 -5.99114949 -4.97710547
DJI_0204.JPG 21.18270352 51.74229594 209.20004999 44.81094969 -5.36702003 -4.54351509
DJI_0205.JPG 21.18275826 51.74261543 209.10831704 44.80328697 -5.03245199 -4.24899585
DJI_0206.JPG 21.18291832 51.74353712 209.03163011 44.88891667 -4.00703252 -3.25753441
DJI_0207.JPG 21.18299794 51.74398982 209.02827519 44.99031731 -3.31518756 -2.50607980
DJI_0208.JPG 21.18306905 51.74439279 209.02492789 45.11380117 -2.42230479 -1.52438420
DJI_0209.JPG 21.18313203 51.74473675 209.11780758 45.14700915 -1.77966445 -0.77515052
DJI_0210.JPG 21.18317913 51.74500746 209.04769158 45.12584295 -1.08202252 0.01301064
DJI_0211.JPG 21.18324761 51.74540278 209.03217779 45.13347503 -0.27190475 0.83324494
100_0212_0001.JPG 21.18645825 51.76293752 209.11041947 0.56638889 0.90610926 -170.25196155
100_0212_0002.JPG 21.18645984 51.76286554 209.08155545 0.49078856 0.99566648 -175.31525262
100_0212_0003.JPG 21.18643465 51.76267622 209.01772160 0.45433867 0.91866226 -177.77833278
100_0212_0004.JPG 21.18641117 51.76246097 208.99858710 0.41410598 0.85814998 179.21528832
100_0212_0005.JPG 21.18637295 51.76224538 209.04579454 0.32851438 0.82139340 177.18275045
100_0212_0006.JPG 21.18632807 51.76203350 209.02066037 0.30273531 0.80948149 175.35817670
100_0212_0007.JPG 21.18628420 51.76181880 209.03854460 0.24111103 0.83032055 174.21454366
100_0212_0008.JPG 21.18623424 51.76160433 209.05253747 0.17893459 0.85902287 172.59227503
100_0212_0009.JPG 21.18618013 51.76139021 209.02376710 0.12891332 0.87894784 172.25793998
100_0212_0010.JPG 21.18613054 51.76117657 209.03749945 0.04887436 0.92485524 172.16767554
100_0212_0011.JPG 21.18608144 51.76096190 209.00499271 0.04764476 0.93082938 170.59033868
100_0212_0012.JPG 21.18603076 51.76074804 209.09046379 0.06551852 0.95651292 169.38153423
100_0212_0013.JPG 21.18597907 51.76053311 209.05697911 0.06711835 0.97828190 169.98423648
100_0212_0014.JPG 21.18592948 51.76032086 209.06047874 0.03669939 0.99994076 169.38518054
100_0212_0015.JPG 21.18587846 51.76010520 209.05298049 0.07084371 1.03100663 168.89142749
100_0212_0016.JPG 21.18582609 51.75989356 209.02515692 0.15237589 1.02609330 168.90381664
100_0212_0017.JPG 21.18577438 51.75967744 209.06278324 0.18921531 1.02082480 168.90525124
100_0212_0018.JPG 21.18572323 51.75946460 209.01640802 0.15827170 1.01356259 168.59940556
100_0212_0019.JPG 21.18567274 51.75924804 209.01475472 0.23434425 0.99336661 167.77465199
100_0212_0020.JPG 21.18562246 51.75903605 208.97428654 0.24463970 0.99445298 167.74957218
100_0212_0021.JPG 21.18557261 51.75882096 209.01444374 0.28360278 0.96687197 168.45221710
100_0212_0022.JPG 21.18552191 51.75860863 209.06476361 0.34018028 0.94223725 168.35060673
100_0212_0023.JPG 21.18547019 51.75839635 209.05338766 0.39394700 0.94628121 168.02052442
100_0212_0024.JPG 21.18541984 51.75818413 209.02224088 0.42411107 0.93801933 167.90266984
100_0212_0025.JPG 21.18536884 51.75797185 209.07054607 0.46265755 0.94798506 168.06089848
100_0212_0026.JPG 21.18531802 51.75775773 209.13555111 0.51178152 0.94342233 168.68093344
100_0212_0027.JPG 21.18526764 51.75754287 209.05918769 0.51071015 0.92881873 168.80319829
100_0212_0028.JPG 21.18521611 51.75732888 209.02504571 0.48872520 0.92814514 168.83051436
100_0212_0029.JPG 21.18516578 51.75711567 209.01086916 0.48960857 0.93927921 169.61139394
100_0212_0030.JPG 21.18511465 51.75690026 209.03000480 0.49113224 0.92199111 169.59469752
100_0212_0031.JPG 21.18506572 51.75668640 209.02004604 0.49458901 0.89890008 169.63509550
100_0212_0032.JPG 21.18501425 51.75647104 209.04986482 0.55393803 0.81794691 169.95005399
100_0212_0033.JPG 21.18496347 51.75625823 209.04258486 0.58918408 0.78968644 170.64985179
100_0212_0034.JPG 21.18491096 51.75604251 209.01137454 0.59881039 0.74190298 170.52273986
100_0212_0035.JPG 21.18486046 51.75582964 208.96674914 0.62351851 0.72315806 171.19529823
100_0212_0036.JPG 21.18481012 51.75561617 208.97334562 0.70469308 0.68555481 170.48696379
100_0212_0037.JPG 21.18475977 51.75540111 209.06491657 0.73067065 0.62904446 170.90211215
100_0212_0038.JPG 21.18471084 51.75518700 209.10533428 0.76505599 0.58658256 171.12937991
100_0212_0039.JPG 21.18465899 51.75497292 209.06283165 0.76204266 0.52206499 171.40103740
100_0212_0040.JPG 21.18460979 51.75475911 209.07793291 0.79255639 0.50073181 171.46150841
100_0212_0041.JPG 21.18455836 51.75454340 209.06729409 0.75626810 0.49006580 171.02987222
100_0212_0042.JPG 21.18450616 51.75433232 209.01798453 0.77334757 0.47446486 171.08629986
100_0212_0043.JPG 21.18445538 51.75411760 209.04504636 0.81567851 0.49226277 171.15640085
100_0212_0044.JPG 21.18440613 51.75390664 209.00203561 0.86137683 0.44153765 171.68095433
100_0212_0045.JPG 21.18435349 51.75369219 209.01416104 0.83199321 0.45001224 171.64318919
100_0212_0046.JPG 21.18430409 51.75347920 208.96515685 0.82326676 0.47628015 171.76886957
100_0212_0047.JPG 21.18425816 51.75326449 208.94985081 0.77883118 0.47903056 171.86041976
100_0212_0048.JPG 21.18420485 51.75304603 209.05327091 0.81352071 0.48448824 171.21199411
100_0212_0049.JPG 21.18415109 51.75283659 209.02335202 0.82194086 0.52319182 171.70923970
100_0212_0050.JPG 21.18409922 51.75262121 209.02247623 0.84872987 0.55002813 172.06071985
100_0212_0051.JPG 21.18404837 51.75240841 209.03116179 0.91069659 0.57106946 171.79083991
100_0212_0052.JPG 21.18403190 51.75230187 209.04013658 0.94316831 0.45080291 175.28464597
100_0212_0053.JPG 21.18421354 51.75229800 208.89291943 -0.22196646 0.45834804 -103.74247271
100_0212_0054.JPG 21.18451404 51.75226576 209.18070402 -0.35893462 0.59407846 -100.01648932
100_0212_0055.JPG 21.18457109 51.75230216 208.99428057 -0.47763935 -0.35214561 -24.19303797
100_0212_0056.JPG 21.18460825 51.75245459 208.90900106 -0.52040483 -0.62819897 -9.81514468
100_0212_0057.JPG 21.18466171 51.75266955 209.01481866 -0.71492190 -0.67774713 -10.43260072
100_0212_0058.JPG 21.18471349 51.75288408 209.09478247 -0.81010120 -0.72006888 -9.24560986
100_0212_0059.JPG 21.18476307 51.75309707 209.07146361 -0.86319376 -0.72544418 -9.10125963
100_0212_0060.JPG 21.18481436 51.75331236 209.05366433 -0.91540104 -0.72292308 -8.40369954
100_0212_0061.JPG 21.18486786 51.75352709 209.10524577 -0.99165950 -0.69241065 -8.42268816
100_0212_0062.JPG 21.18491523 51.75374117 208.98666485 -1.00535386 -0.71018513 -7.47940154
100_0212_0063.JPG 21.18496629 51.75395646 209.01952830 -1.05191477 -0.72315759 -8.08945912
100_0212_0064.JPG 21.18501483 51.75416895 208.94205616 -1.07023886 -0.72108656 -7.39331804
100_0212_0065.JPG 21.18506703 51.75438513 209.01224916 -1.11404033 -0.69334048 -7.02180478
100_0212_0066.JPG 21.18511615 51.75459715 208.99570513 -1.09530816 -0.65516845 -6.74351575
100_0220_0001.JPG 21.18518175 51.75487954 207.77775934 -0.97055021 -0.05381637 -7.92420363
100_0220_0002.JPG 21.18520513 51.75497781 207.58962791 -0.78326671 -0.19478521 -8.93946236
100_0220_0003.JPG 21.18524626 51.75515578 207.57695263 -0.59090916 -0.29749174 -9.87160137
100_0220_0004.JPG 21.18529923 51.75536865 207.64894155 -0.52045984 -0.33602207 -8.71348091
100_0220_0005.JPG 21.18534966 51.75558407 207.62987745 -0.39493042 -0.36402478 -7.04501924
100_0220_0006.JPG 21.18540222 51.75579685 207.64810278 -0.22430570 -0.35677144 -6.88929098
100_0220_0007.JPG 21.18545302 51.75600996 207.61096538 -0.16191251 -0.33085225 -7.15310282
100_0220_0008.JPG 21.18550434 51.75622459 207.65104781 -0.13152182 -0.30364922 -6.61938692
100_0220_0009.JPG 21.18555446 51.75643791 207.62049058 -0.10332885 -0.29814715 -6.93327457
100_0220_0010.JPG 21.18560326 51.75665379 207.57789275 -0.04164586 -0.31376714 -6.91176250
100_0220_0011.JPG 21.18565460 51.75686721 207.58275837 -0.01946367 -0.30447590 -6.34271050
100_0220_0012.JPG 21.18570707 51.75708189 207.59321779 -0.00423540 -0.30295416 -6.70490256
100_0220_0013.JPG 21.18575874 51.75729488 207.67820726 -0.02164168 -0.28499550 -6.98403297
100_0220_0014.JPG 21.18580787 51.75750881 207.66763662 -0.04190485 -0.29981033 -6.44111995
100_0220_0015.JPG 21.18585777 51.75772424 207.57064967 -0.09336815 -0.28638721 -6.10318882
100_0220_0016.JPG 21.18590778 51.75793757 207.55780923 -0.10513643 -0.32463511 -5.61566770
100_0220_0017.JPG 21.18595866 51.75815115 207.53191576 -0.10985134 -0.33877400 -5.29935665
100_0220_0018.JPG 21.18601105 51.75836678 207.56181616 -0.11130616 -0.34305367 -5.22587390
100_0220_0019.JPG 21.18606148 51.75857944 207.55390235 -0.17670363 -0.35652407 -4.87243811
100_0220_0020.JPG 21.18611284 51.75879483 207.56332587 -0.17691929 -0.36754711 -4.59595539
100_0220_0021.JPG 21.18616293 51.75900751 207.56669214 -0.24652707 -0.38668479 -4.81575554
100_0220_0022.JPG 21.18621433 51.75922254 207.58635136 -0.31965614 -0.39056475 -4.48845671
100_0220_0023.JPG 21.18626377 51.75943451 207.58003863 -0.39627487 -0.38980567 -4.45317610
100_0220_0024.JPG 21.18631624 51.75965012 207.60099490 -0.43983651 -0.43241935 -3.90466329
100_0220_0025.JPG 21.18636713 51.75986295 207.62796299 -0.46883999 -0.48065467 -3.58275635
100_0220_0026.JPG 21.18641800 51.76007761 207.62137789 -0.47371454 -0.48533648 -2.83309452
100_0220_0027.JPG 21.18646878 51.76029066 207.65203551 -0.54932170 -0.47474702 -2.79453343
100_0220_0028.JPG 21.18651903 51.76050573 207.64465071 -0.51880501 -0.47261101 -2.15393066
100_0220_0029.JPG 21.18656812 51.76071861 207.56855245 -0.52094577 -0.47514663 -1.60392842
100_0220_0030.JPG 21.18661685 51.76093293 207.59818640 -0.55352054 -0.49819725 -0.63783430
100_0220_0031.JPG 21.18667034 51.76114802 207.65857276 -0.59188466 -0.48921783 -0.94398576
100_0220_0032.JPG 21.18672119 51.76136036 207.61399868 -0.61829331 -0.48724548 -1.56879766
100_0220_0033.JPG 21.18677249 51.76157642 207.62744385 -0.63398475 -0.46815321 -4.96452186
100_0220_0034.JPG 21.18682007 51.76178909 207.60679302 -0.63310734 -0.46850412 -5.30494818
100_0220_0035.JPG 21.18686818 51.76200448 207.64800985 -0.63282634 -0.50995110 -4.89509404
100_0220_0036.JPG 21.18691177 51.76221801 207.68811778 -0.58282114 -0.55955765 -3.96612562
100_0220_0037.JPG 21.18695158 51.76243382 207.70670301 -0.60038323 -0.60749516 -2.96597893
100_0220_0038.JPG 21.18697935 51.76264662 207.70789916 -0.58106181 -0.64011089 -1.16145496
100_0220_0039.JPG 21.18700155 51.76286219 207.71970681 -0.55149072 -0.66216825 0.29729622
100_0220_0040.JPG 21.18702014 51.76297463 207.76636152 -0.69887947 -0.39073640 -20.63584242
100_0220_0041.JPG 21.18717918 51.76295702 207.68977412 -0.66635390 0.43129836 -87.20370260
100_0220_0042.JPG 21.18748038 51.76293690 207.79198834 -0.64965010 0.70338408 -89.84380901
100_0220_0043.JPG 21.18753990 51.76289380 207.59157973 0.27332772 0.91549364 -161.99662822
100_0220_0044.JPG 21.18752832 51.76276110 207.58587461 0.56058230 0.76423624 -178.18810787
100_0220_0045.JPG 21.18750868 51.76255283 207.62648139 0.69015525 0.71586323 178.97166226
100_0220_0046.JPG 21.18747906 51.76233723 207.63786130 0.72460151 0.63028135 176.46292660
100_0220_0047.JPG 21.18743863 51.76212213 207.61815685 0.80164250 0.58706976 175.03299098
100_0220_0048.JPG 21.18739528 51.76190935 207.61207845 0.90004255 0.58374091 173.37572037
100_0220_0049.JPG 21.18734873 51.76169390 207.63160751 0.91146226 0.61937130 173.13293589
100_0220_0050.JPG 21.18729949 51.76147966 207.64770736 1.00807559 0.64019598 171.82626128
100_0220_0051.JPG 21.18724956 51.76126767 207.64852933 0.99040637 0.63360161 171.33927727
100_0220_0052.JPG 21.18719677 51.76105310 207.67179621 0.97515490 0.65447791 171.13332452
100_0220_0053.JPG 21.18714724 51.76083455 207.73167685 1.02155423 0.69819127 171.48838559
100_0220_0054.JPG 21.18709747 51.76062448 207.63295269 0.98079672 0.73946374 170.46346309
100_0220_0055.JPG 21.18704566 51.76040979 207.68020184 1.03358933 0.75452265 170.31138330
100_0220_0056.JPG 21.18699416 51.76019311 207.67438007 1.03945199 0.79880968 171.00665572
100_0220_0057.JPG 21.18694530 51.75998163 207.61324654 1.03299098 0.83783618 170.32876480
100_0220_0058.JPG 21.18689407 51.75976769 207.69327147 1.01039006 0.87725201 169.95687320
100_0220_0059.JPG 21.18684287 51.75955504 207.68439239 0.99030667 0.92125229 170.04711386
100_0220_0060.JPG 21.18678951 51.75934267 207.66483991 0.95904336 0.93716222 170.38607995
100_0220_0061.JPG 21.18673796 51.75912631 207.65998436 0.93409571 0.95067999 171.07175253
100_0220_0062.JPG 21.18668858 51.75891150 207.68565075 0.93683350 0.93952558 171.30394269
100_0220_0063.JPG 21.18663828 51.75869847 207.60352397 0.95056018 0.94268311 171.24424411
100_0220_0064.JPG 21.18658593 51.75848447 207.63033255 0.95056925 0.92612650 170.47324433
100_0220_0065.JPG 21.18653588 51.75827421 207.63091464 0.97910003 0.99633833 171.79365115
100_0220_0066.JPG 21.18648805 51.75805834 207.73009161 1.04433765 1.01654508 171.54489442
100_0220_0067.JPG 21.18643337 51.75784475 207.72664535 1.04944935 1.03267711 172.01539677
100_0220_0068.JPG 21.18638212 51.75763152 207.71325494 1.02908702 1.06807964 172.78364787
100_0220_0069.JPG 21.18633126 51.75741990 207.66629453 1.02129439 1.06475109 172.34587872
100_0220_0070.JPG 21.18627961 51.75720453 207.69884020 1.00682842 1.09116126 172.51904098
100_0220_0071.JPG 21.18623288 51.75698808 207.75007278 1.03473246 1.07578310 172.77923591
100_0220_0072.JPG 21.18618172 51.75677521 207.70393067 1.08001199 1.06376118 172.45883141
100_0220_0073.JPG 21.18613120 51.75655829 207.73870517 1.08846185 1.05060347 172.20754541
100_0220_0074.JPG 21.18608551 51.75634416 207.75910975 1.16758661 1.01817095 171.67278479
100_0220_0075.JPG 21.18603186 51.75613009 207.69172176 1.23447290 0.98572924 171.07200230
100_0220_0076.JPG 21.18597944 51.75591781 207.70501829 1.31885916 0.96437700 171.23076310
100_0220_0077.JPG 21.18592715 51.75570435 207.69561608 1.32471217 0.98948113 171.63629280
100_0220_0078.JPG 21.18586950 51.75549377 208.47163594 1.03969626 0.59115165 171.71935484
100_0220_0079.JPG 21.18582183 51.75528299 208.35930762 1.04948316 0.63613473 171.43428571
100_0220_0080.JPG 21.18576675 51.75507160 207.88747787 1.03735351 0.49443237 171.52903813
100_0220_0081.JPG 21.18571584 51.75485513 207.99464479 1.06912767 0.51545205 171.81126539
100_0220_0082.JPG 21.18566685 51.75464075 207.94015346 1.03212364 0.51788268 172.50102868
100_0220_0083.JPG 21.18561898 51.75442883 208.21028232 0.96233865 0.51257819 172.48819797
100_0220_0084.JPG 21.18556991 51.75421332 208.52343013 0.94108333 0.52392683 171.47605435
100_0220_0085.JPG 21.18551982 51.75399955 208.62551795 0.97255545 0.49114824 172.30712382
100_0220_0086.JPG 21.18547079 51.75378298 208.50169571 0.99981749 0.46105794 171.90946155
100_0220_0087.JPG 21.18541825 51.75356944 208.72198306 1.00695394 0.42406420 170.45230500
100_0220_0088.JPG 21.18537043 51.75335648 208.20088662 0.94669709 0.45490072 171.39287286
100_0220_0089.JPG 21.18531566 51.75314036 208.34514221 0.96486126 0.42004452 171.26271321
100_0220_0090.JPG 21.18526215 51.75293048 207.93685075 0.94749572 0.48072151 171.54047952
100_0220_0091.JPG 21.18521104 51.75271803 207.49413326 0.98199526 0.47998981 172.26327368
100_0220_0092.JPG 21.18515995 51.75250352 207.77389267 0.99552237 0.45030777 171.74097642
100_0220_0093.JPG 21.18511085 51.75228685 208.23487533 0.97319885 0.43421348 171.64708621
100_0220_0094.JPG 21.18508793 51.75221398 208.50024698 0.95529194 0.26890852 170.75546012
DJI_0221.JPG 21.18507878 51.75229288 207.14937032 44.96144954 7.13689439 8.02691382
DJI_0222.JPG 21.18502403 51.75251659 206.97796566 44.67260400 6.22889536 6.98906706
DJI_0223.JPG 21.18493075 51.75291428 207.39219034 44.46558522 6.11259122 6.71894959
DJI_0224.JPG 21.18483241 51.75333636 207.78223782 44.38888820 6.01839684 6.51757569
DJI_0225.JPG 21.18477445 51.75365776 206.68414731 44.19148084 -2.93013179 -2.34658131
DJI_0226.JPG 21.18473344 51.75396181 207.11972793 44.12558692 -3.40347312 -2.73148826
DJI_0227.JPG 21.18472658 51.75435437 207.45367038 44.16648059 -3.35086788 -2.65017345
DJI_0228.JPG 21.18473379 51.75465309 207.97339932 44.19545403 -3.91820083 -3.18280900
DJI_0229.JPG 21.18477642 51.75500578 208.01014055 44.25383923 -4.07540640 -3.34271420
100_0237_0001.JPG 21.18159023 51.77311264 205.05701895 0.31422099 0.71742041 -157.20455963
100_0237_0002.JPG 21.18164441 51.77302818 205.03969665 0.30561007 0.73482246 -157.26820341
100_0237_0003.JPG 21.18172656 51.77288374 205.05558180 0.34440719 0.72145307 -157.59581631
100_0237_0004.JPG 21.18183324 51.77269635 205.01689585 0.28621422 0.73164139 -157.70650342
100_0237_0005.JPG 21.18195527 51.77248942 205.03709250 0.29384413 0.76148225 -157.23601742
100_0237_0006.JPG 21.18207817 51.77228449 205.11486581 0.30137682 0.78460609 -157.96994670
100_0237_0007.JPG 21.18219471 51.77207991 205.02236565 0.29776405 0.79623964 -158.15375267
100_0237_0008.JPG 21.18231359 51.77187611 204.99925984 0.27894617 0.79358367 -157.62127587
100_0237_0009.JPG 21.18243321 51.77167295 205.07617278 0.27612504 0.84595352 -157.91258364
100_0237_0010.JPG 21.18255079 51.77147189 205.03175917 0.26497169 0.86080778 -158.52447974
100_0237_0011.JPG 21.18266669 51.77127004 205.01214240 0.23995947 0.84180315 -158.43532479
100_0237_0012.JPG 21.18278621 51.77106747 205.05001276 0.26785801 0.83891529 -158.17097479
100_0237_0013.JPG 21.18290149 51.77087009 204.97929248 0.29534096 0.82159360 -158.23966306
100_0237_0014.JPG 21.18301702 51.77067369 205.00623048 0.23220453 0.80179884 -158.16900047
100_0237_0015.JPG 21.18313157 51.77048011 205.01400725 0.20345795 0.80352694 -158.29088403
100_0237_0016.JPG 21.18324449 51.77028712 205.01340741 0.18770104 0.79242940 -158.58399527
100_0237_0017.JPG 21.18336025 51.77009251 205.07008448 0.10152973 0.81677898 -158.56180780
100_0237_0018.JPG 21.18347545 51.76989633 205.07546020 0.10040667 0.82258889 -158.45762211
100_0237_0019.JPG 21.18360223 51.76968259 204.90533083 0.14376393 0.76508404 -158.53369150
100_0237_0020.JPG 21.18364849 51.76959663 205.03193960 0.17282495 0.79807058 -158.89525072
100_0237_0021.JPG 21.18374171 51.76942865 205.16676791 0.23595313 0.85396229 -158.85134197
100_0237_0022.JPG 21.18386404 51.76922754 205.14735567 0.26762044 0.84487358 -158.66854404
100_0237_0023.JPG 21.18399022 51.76902071 205.09589472 0.31958204 0.88139656 -158.88334288
100_0237_0024.JPG 21.18410724 51.76881782 205.00366235 0.30108558 0.84436014 -159.29670049
100_0237_0025.JPG 21.18422382 51.76861724 205.05521375 0.30964203 0.86033169 -159.24638145
100_0237_0026.JPG 21.18434144 51.76841262 205.01754815 0.30161014 0.84317610 -159.00301604
100_0237_0027.JPG 21.18446076 51.76820968 205.02525621 0.30365249 0.83255220 -158.54677702
100_0237_0028.JPG 21.18458281 51.76800464 205.03564882 0.29485095 0.80671123 -158.64340207
100_0237_0029.JPG 21.18470195 51.76780262 205.05508750 0.27532832 0.81371861 -158.90901165
100_0237_0030.JPG 21.18481973 51.76760084 205.02737492 0.30104331 0.81352001 -159.18240140
100_0237_0031.JPG 21.18493711 51.76739727 205.03746094 0.27540896 0.77710173 -158.78469563
100_0237_0032.JPG 21.18505663 51.76719389 205.05030583 0.32420101 0.81635724 -158.76788747
100_0237_0033.JPG 21.18517835 51.76698972 205.05769141 0.31184222 0.78364736 -158.68661402
100_0237_0034.JPG 21.18529822 51.76678632 205.03516111 0.33183889 0.80579005 -158.97860423
100_0237_0035.JPG 21.18541451 51.76658301 205.04561713 0.36549438 0.80141624 -159.20937761
100_0237_0036.JPG 21.18553716 51.76637672 205.06902844 0.38140166 0.82987147 -158.77852497
100_0237_0037.JPG 21.18565401 51.76617355 205.04251273 0.41947944 0.82696547 -159.74904637
100_0237_0038.JPG 21.18576596 51.76597046 205.03805674 0.46598946 0.87358236 -159.44804994
100_0237_0039.JPG 21.18586882 51.76576453 205.02937271 0.48434536 0.90285438 -160.90650365
100_0237_0040.JPG 21.18596486 51.76555939 205.01489269 0.48773311 0.91459718 -161.36925221
100_0237_0041.JPG 21.18605853 51.76534895 205.05136368 0.54779237 0.90427587 -162.74454510
100_0237_0042.JPG 21.18614176 51.76513735 205.06326580 0.56783041 0.89153334 -164.19457251
100_0237_0043.JPG 21.18621233 51.76492901 204.97360776 0.54180394 0.88930502 -165.05730819
100_0237_0044.JPG 21.18627380 51.76471660 204.98538541 0.54788707 0.84544661 -166.70807031
100_0237_0045.JPG 21.18633034 51.76450597 205.01252300 0.61091584 0.82779093 -167.78814533
100_0237_0046.JPG 21.18637263 51.76428797 205.06662867 0.67027530 0.83495191 -169.42260247
100_0237_0047.JPG 21.18641009 51.76407610 205.04737733 0.64165486 0.80753685 -169.35695975
100_0237_0048.JPG 21.18643723 51.76386179 205.00909783 0.66978381 0.78561014 -170.74199111
100_0237_0049.JPG 21.18646074 51.76364706 205.01831417 0.68648987 0.75025269 -172.45559430
100_0237_0050.JPG 21.18646991 51.76343008 205.05454507 0.75198483 0.76424784 -174.30294985
100_0237_0051.JPG 21.18647137 51.76321673 205.05059962 0.77150642 0.75849610 -175.29418311
100_0237_0052.JPG 21.18646347 51.76300032 205.03606391 0.83462317 0.77259095 -176.24155196
100_0237_0053.JPG 21.18648173 51.76290988 205.03474070 -0.04930945 0.59570737 -102.72225667
100_0237_0054.JPG 21.18669553 51.76295880 204.80304767 -0.29035956 0.52999686 -90.63341464
100_0237_0055.JPG 21.18697490 51.76294493 205.15462947 -0.34116247 0.78387224 -91.07184266
100_0237_0056.JPG 21.18700680 51.76299967 204.96682425 -0.31226855 -0.45767512 -8.22011186
100_0237_0057.JPG 21.18701716 51.76320519 204.92073857 -0.44285442 -0.83227935 -1.05354846
100_0237_0058.JPG 21.18701534 51.76341967 205.02996339 -0.60808928 -0.85809942 -0.47364220
100_0237_0059.JPG 21.18700564 51.76363459 205.09082624 -0.73026470 -0.88570983 0.71232806
100_0237_0060.JPG 21.18698771 51.76385021 205.07441082 -0.79292781 -0.92100904 2.29931191
100_0237_0061.JPG 21.18696040 51.76406523 205.01045206 -0.81932915 -0.93917592 3.58682009
100_0237_0062.JPG 21.18692324 51.76427911 204.99721288 -0.81387399 -0.97046939 4.44354433
100_0237_0063.JPG 21.18687861 51.76449349 205.03691118 -0.84620508 -0.98793075 5.39991801
100_0237_0064.JPG 21.18682714 51.76470533 205.06593118 -0.83779459 -0.98641507 5.97014502
100_0237_0065.JPG 21.18676693 51.76492055 205.07496326 -0.83586269 -0.98795343 7.44989077
100_0237_0066.JPG 21.18669801 51.76513191 205.03596425 -0.81712457 -1.03034942 8.78061137
100_0237_0067.JPG 21.18661945 51.76534061 204.98145440 -0.82988182 -1.04065502 10.51683698
100_0237_0068.JPG 21.18653054 51.76555121 204.98108864 -0.81959379 -1.09299259 11.90207773
100_0237_0069.JPG 21.18643703 51.76575838 205.03883186 -0.85913720 -1.11691063 12.48726168
100_0237_0070.JPG 21.18633492 51.76596581 205.02571021 -0.90508108 -1.13240947 14.14258865
100_0237_0071.JPG 21.18622573 51.76616965 204.99540851 -0.91897724 -1.14870000 15.56258852
100_0237_0072.JPG 21.18611278 51.76637332 204.97772226 -0.92640433 -1.17085831 17.07375175
100_0237_0073.JPG 21.18599375 51.76657780 205.01105199 -0.95559308 -1.18902620 17.45628282
100_0237_0074.JPG 21.18587575 51.76678084 205.06831059 -0.92263964 -1.16475964 17.78821162
100_0237_0075.JPG 21.18575839 51.76698317 205.01774691 -0.92004847 -1.17204991 17.62449412
100_0237_0076.JPG 21.18563838 51.76718826 204.99280844 -0.93626899 -1.17331664 17.97046377
100_0237_0077.JPG 21.18552098 51.76738988 205.03503965 -0.95218431 -1.15527354 18.04176287
100_0237_0078.JPG 21.18539970 51.76759492 205.04644083 -0.94719504 -1.17195539 18.03673853
100_0237_0079.JPG 21.18528118 51.76779789 205.06408686 -0.99162914 -1.17227483 17.66139189
100_0237_0080.JPG 21.18516257 51.76800168 205.07928033 -1.02110079 -1.18509811 17.82883761
100_0237_0081.JPG 21.18504399 51.76820449 205.04216758 -1.01435214 -1.17822796 18.18453078
100_0237_0082.JPG 21.18492565 51.76840776 204.98706996 -1.02942003 -1.18697161 18.20718944
100_0237_0083.JPG 21.18480582 51.76861152 205.01079436 -1.04624073 -1.16978014 18.37779280
100_0237_0084.JPG 21.18468719 51.76881410 204.99556891 -1.04650218 -1.18502061 17.94828213
100_0237_0085.JPG 21.18456674 51.76901862 205.00296268 -0.99874263 -1.18582897 17.82107057
100_0237_0086.JPG 21.18444717 51.76922111 205.05531959 -0.95683415 -1.19207593 17.43287478
100_0237_0087.JPG 21.18433106 51.76942361 205.07783200 -0.94333518 -1.19044756 17.78121844
100_0237_0088.JPG 21.18421001 51.76962796 205.04740356 -0.90407231 -1.18242245 18.67528404
100_0237_0089.JPG 21.18409064 51.76983120 205.04245652 -0.90521176 -1.18147554 18.44657095
100_0237_0090.JPG 21.18397164 51.77003471 205.05363464 -0.91874462 -1.15655983 17.74121041
100_0237_0091.JPG 21.18385123 51.77023952 205.13287972 -0.93279763 -1.16883394 17.77231868
100_0237_0092.JPG 21.18373184 51.77044172 205.08777179 -0.93233307 -1.15957248 17.66822794
100_0237_0093.JPG 21.18361253 51.77064559 205.07423367 -0.96652327 -1.15206839 17.67050470
100_0237_0094.JPG 21.18349222 51.77084882 205.02328404 -0.94657933 -1.15362665 17.99546710
100_0237_0095.JPG 21.18337394 51.77105213 205.00660482 -0.89749257 -1.12962738 17.87995490
100_0237_0096.JPG 21.18325286 51.77125676 205.07454771 -0.90139210 -1.14737081 18.01072136
100_0237_0097.JPG 21.18313503 51.77145876 205.00306258 -0.88601261 -1.15020355 18.17132024
100_0237_0098.JPG 21.18301476 51.77166250 204.97230879 -0.85394136 -1.14077387 18.39209580
100_0237_0099.JPG 21.18289686 51.77186424 205.04319265 -0.77625651 -1.13525647 18.10840401
100_0237_0100.JPG 21.18277809 51.77206769 205.07403053 -0.78206613 -1.12450261 18.30967478
100_0237_0101.JPG 21.18265814 51.77227222 205.04581063 -0.81109418 -1.12721054 18.52421856
100_0237_0102.JPG 21.18253969 51.77247436 205.05629699 -0.82286131 -1.12503634 18.40459645
100_0237_0103.JPG 21.18242090 51.77267809 205.05871289 -0.79795747 -1.13371833 18.31093495
100_0237_0104.JPG 21.18230173 51.77288195 205.08711997 -0.76976445 -1.11712474 18.11608444
100_0237_0105.JPG 21.18218304 51.77308340 205.06496785 -0.72631681 -1.10345858 18.12648339
100_0237_0106.JPG 21.18210362 51.77321755 205.10776892 -0.68896108 -1.02996318 19.37178311
100_0237_0107.JPG 21.18218301 51.77324868 204.96504255 -1.11634484 -0.05844834 -67.71829596
100_0237_0108.JPG 21.18247028 51.77331697 205.12911031 -1.05543575 0.16521353 -73.31080834
100_0237_0109.JPG 21.18261887 51.77333091 205.09869881 -0.73828679 0.64082770 -96.78274748
100_0237_0110.JPG 21.18268095 51.77321686 205.03552664 0.07919071 0.72032483 -156.11166348
100_0237_0111.JPG 21.18277430 51.77304785 205.13922770 0.19954301 0.72980185 -158.67555831
100_0251_0001.JPG 21.18287266 51.77290034 207.48844483 -0.09156529 0.04000920 -151.74190395
100_0251_0002.JPG 21.18292092 51.77280639 207.36196372 -0.05860068 0.14731124 -157.19990557
100_0251_0003.JPG 21.18302942 51.77261883 207.39376859 -0.09390610 0.23416100 -157.98152100
100_0251_0004.JPG 21.18314856 51.77241540 207.41586580 -0.08963159 0.26196631 -157.89667159
100_0251_0005.JPG 21.18326540 51.77221512 207.40896958 -0.15590032 0.28707554 -157.45845613
100_0251_0006.JPG 21.18339288 51.77200721 207.49827069 -0.24698348 0.29582907 -157.30113238
100_0251_0007.JPG 21.18350991 51.77180557 207.38074585 -0.26050644 0.29004347 -158.31192841
100_0251_0008.JPG 21.18362977 51.77160218 207.39301331 -0.29618037 0.30013349 -157.88723804
100_0251_0009.JPG 21.18374772 51.77140021 207.44457095 -0.32565462 0.31618588 -158.29296698
100_0251_0010.JPG 21.18386530 51.77119568 207.46512041 -0.35061829 0.33753518 -158.30109752
100_0251_0011.JPG 21.18398443 51.77099413 207.41831100 -0.34307879 0.33523223 -158.23472946
100_0251_0012.JPG 21.18410137 51.77079140 207.35570133 -0.38867366 0.31998284 -158.07401867
100_0251_0013.JPG 21.18422279 51.77058755 207.36224677 -0.37168828 0.31495046 -157.95479731
100_0251_0014.JPG 21.18434546 51.77038149 207.46382647 -0.37031092 0.32483464 -158.05432505
100_0251_0015.JPG 21.18446745 51.77017674 207.45494721 -0.33809405 0.32235599 -158.41754901
100_0251_0016.JPG 21.18458621 51.76997323 207.30673396 -0.33573593 0.35128577 -158.72875111
100_0251_0017.JPG 21.18470330 51.76977033 207.34146511 -0.28769331 0.35021155 -158.89332887
100_0251_0018.JPG 21.18482244 51.76956605 207.36764554 -0.25505268 0.36312767 -158.32548021
100_0251_0019.JPG 21.18494163 51.76936407 207.39013644 -0.21571375 0.39647833 -158.46471414
100_0251_0020.JPG 21.18505822 51.76916238 207.33408206 -0.18501778 0.41556285 -158.48234867
100_0251_0021.JPG 21.18517834 51.76895757 207.36465378 -0.17424684 0.44218642 -158.03911119
100_0251_0022.JPG 21.18529797 51.76875618 207.39498789 -0.11967581 0.47440549 -158.01873877
100_0251_0023.JPG 21.18541451 51.76855116 207.29809849 -0.04091159 0.53835786 -157.99563034
100_0251_0024.JPG 21.18553470 51.76835081 207.35318262 -0.00514379 0.53712772 -157.38049177
100_0251_0025.JPG 21.18565458 51.76814572 207.41407093 0.05459386 0.57994220 -157.65774008
100_0251_0026.JPG 21.18577344 51.76794315 207.40627718 0.03395760 0.59310369 -157.00682919
100_0251_0027.JPG 21.18589130 51.76774299 207.35759493 0.04335084 0.63534088 -157.26676891
100_0251_0028.JPG 21.18600919 51.76754053 207.36287744 -0.01926598 0.65081204 -156.94801231
100_0251_0029.JPG 21.18612720 51.76733932 207.37867984 0.00898328 0.67409626 -156.88547875
100_0251_0030.JPG 21.18624528 51.76713540 207.39330572 -0.01147906 0.68721215 -156.90666106
100_0251_0031.JPG 21.18636219 51.76693408 207.40983852 -0.02485487 0.70353161 -156.59946727
100_0251_0032.JPG 21.18647804 51.76673112 207.39145960 -0.05025213 0.68782747 -156.56321790
100_0251_0033.JPG 21.18659718 51.76652669 207.41887383 -0.04310958 0.71499621 -156.31820423
100_0251_0034.JPG 21.18671164 51.76632208 207.39857721 -0.05381529 0.71787472 -155.81990275
100_0251_0035.JPG 21.18682343 51.76611738 207.38658792 -0.00602873 0.75592209 -156.22303525
100_0251_0036.JPG 21.18692798 51.76591115 207.38149390 0.04966627 0.78130586 -157.34070395
100_0251_0037.JPG 21.18702534 51.76570334 207.41483014 0.08499845 0.77376170 -157.91103298
100_0251_0038.JPG 21.18711306 51.76549657 207.41187466 0.13428409 0.76616272 -159.37507642
100_0251_0039.JPG 21.18719970 51.76528658 207.37598874 0.15434440 0.77958482 -160.34340741
100_0251_0040.JPG 21.18727195 51.76507637 207.34109289 0.19485448 0.78126442 -161.96040356
100_0251_0041.JPG 21.18733220 51.76486655 207.37244794 0.23086385 0.78535390 -162.91106723
100_0251_0042.JPG 21.18739014 51.76465296 207.41357891 0.21962556 0.81976937 -164.16879186
100_0251_0043.JPG 21.18743926 51.76443922 207.41325412 0.23746716 0.81887872 -165.46822725
100_0251_0044.JPG 21.18748103 51.76422426 207.36556017 0.25608791 0.81958944 -167.29330488
100_0251_0045.JPG 21.18751111 51.76401043 207.32916527 0.27789193 0.84173760 -168.04897306
100_0251_0046.JPG 21.18753521 51.76379648 207.37832767 0.29970066 0.84361644 -169.07649386
100_0251_0047.JPG 21.18755071 51.76357801 207.41406410 0.30548879 0.84372322 -170.09297556
100_0251_0048.JPG 21.18755652 51.76336180 207.40279858 0.33957231 0.81021520 -171.64446030
100_0251_0049.JPG 21.18755443 51.76314622 207.39616936 0.35734157 0.80234124 -172.45091718
100_0251_0050.JPG 21.18754595 51.76293162 207.42633258 0.39624493 0.77587256 -173.18379039
DJI_0252.JPG 21.18751278 51.76297928 207.25012040 40.58450841 15.84226596 18.65694671
DJI_0253.JPG 21.18714571 51.76365780 207.36636346 40.60709631 13.65903742 16.34243920
DJI_0254.JPG 21.18684841 51.76421000 207.51374297 40.61796108 13.12806539 15.79068460
DJI_0255.JPG 21.18655849 51.76474888 207.46866681 40.66946719 12.97163698 15.61073858
DJI_0256.JPG 21.18625592 51.76530456 207.36608628 40.70800659 12.98747321 15.63955453
DJI_0257.JPG 21.18599876 51.76577965 207.44043720 40.88251595 12.31890559 14.83532161
DJI_0258.JPG 21.18571054 51.76631903 207.43853146 40.90507370 12.46266281 15.03176161
DJI_0259.JPG 21.18543106 51.76683668 207.28927941 40.84593394 12.77331562 15.38273218
100_0260_0001.JPG 21.17812474 51.77901735 207.34272318 0.35047738 0.81283384 -156.90037789
100_0260_0002.JPG 21.17816605 51.77893602 207.33876245 0.27630208 0.78587794 -156.67605296
100_0260_0003.JPG 21.17826294 51.77876692 207.46170575 0.16718061 0.72283075 -157.04307195
100_0260_0004.JPG 21.17839011 51.77856618 207.52081496 0.11148077 0.66642007 -156.61314434
100_0260_0005.JPG 21.17851556 51.77835560 207.44836668 0.10811586 0.61642848 -157.43751934
100_0260_0006.JPG 21.17863311 51.77814660 207.42875109 0.08381833 0.60516439 -157.93560828
100_0260_0007.JPG 21.17875459 51.77793985 207.42515530 -0.00785960 0.58052973 -157.88858536
100_0260_0008.JPG 21.17887937 51.77772837 207.46531038 -0.04612703 0.57720218 -158.26634314
100_0260_0009.JPG 21.17900079 51.77752287 207.44355289 -0.05356359 0.56360787 -158.34006188
100_0260_0010.JPG 21.17912308 51.77731668 207.41062651 -0.04778913 0.52153579 -158.70087204
100_0260_0011.JPG 21.17924458 51.77710835 207.46693096 -0.00172256 0.48984108 -159.19258019
100_0260_0012.JPG 21.17936738 51.77689895 207.47716329 -0.05124183 0.46143490 -158.59497765
100_0260_0013.JPG 21.17949373 51.77668907 207.48348476 -0.09723411 0.43014375 -158.78600698
100_0260_0014.JPG 21.17961518 51.77648053 207.39819262 -0.07501639 0.40851417 -159.84036497
100_0260_0015.JPG 21.17973350 51.77627418 207.41147307 -0.09479370 0.43265060 -159.85431241
100_0260_0016.JPG 21.17985117 51.77606982 207.35390626 -0.14132406 0.42630692 -159.23607799
100_0260_0017.JPG 21.17997294 51.77586321 207.42978045 -0.10994764 0.45138199 -159.42377040
100_0260_0018.JPG 21.18009560 51.77565464 207.42352208 -0.10537044 0.45249448 -159.52599018
100_0260_0019.JPG 21.18021686 51.77544809 207.38019044 -0.08675320 0.44875612 -159.42278047
100_0260_0020.JPG 21.18034021 51.77523992 207.45185914 -0.06313343 0.44847983 -159.43800380
100_0260_0021.JPG 21.18046387 51.77502999 207.47355770 -0.01210644 0.46896596 -159.32999095
100_0260_0022.JPG 21.18058397 51.77482562 207.43548408 0.02765364 0.48541405 -159.54985248
100_0260_0023.JPG 21.18070692 51.77461562 207.47468374 0.04306768 0.51748482 -159.50695879
100_0260_0024.JPG 21.18082815 51.77440597 207.43849965 0.02325933 0.53507166 -159.06412019
100_0260_0025.JPG 21.18095623 51.77419835 207.46464495 0.06460678 0.56372461 -159.44336692
100_0260_0026.JPG 21.18107443 51.77399053 207.38557923 0.07292308 0.58092315 -160.01733588
100_0260_0027.JPG 21.18119439 51.77378626 207.39877451 0.06305081 0.64410362 -159.05893974
100_0260_0028.JPG 21.18131722 51.77358044 207.37395859 0.09517115 0.65996424 -158.84388219
100_0260_0029.JPG 21.18143808 51.77337049 207.44051228 0.12913318 0.69553151 -159.00733008
100_0260_0030.JPG 21.18156030 51.77316350 207.52604682 0.20646085 0.71759847 -158.19702597
100_0260_0031.JPG 21.18162845 51.77312097 207.38358890 -0.55290011 0.45517651 -100.04035498
100_0260_0032.JPG 21.18190597 51.77318628 207.31210661 -0.85336175 0.14810836 -73.23786241
100_0260_0033.JPG 21.18209862 51.77322738 207.50086727 -0.87650578 0.18635099 -67.71236052
100_0260_0034.JPG 21.18202062 51.77336235 207.33165731 -0.31929404 -0.93795400 16.72186688
100_0260_0035.JPG 21.18189846 51.77357048 207.27199996 -0.31204414 -1.04056997 19.46370088
100_0260_0036.JPG 21.18177606 51.77377603 207.32237113 -0.29505646 -1.07539267 19.68662837
100_0260_0037.JPG 21.18165209 51.77398436 207.43573219 -0.30419739 -1.07178643 19.28399850
100_0260_0038.JPG 21.18153181 51.77419278 207.49451470 -0.32356764 -1.06732394 18.76354849
100_0260_0039.JPG 21.18141043 51.77440098 207.50095175 -0.35645711 -1.07338337 19.02580225
100_0260_0040.JPG 21.18128780 51.77460916 207.41873096 -0.41244089 -1.08103062 18.78405683
100_0260_0041.JPG 21.18116494 51.77481906 207.38656966 -0.39144540 -1.05646160 19.07229479
100_0260_0042.JPG 21.18104308 51.77502502 207.36724305 -0.39676320 -1.07493830 19.13754560
100_0260_0043.JPG 21.18091994 51.77523497 207.37583846 -0.40702647 -1.06069173 18.85955985
100_0260_0044.JPG 21.18079872 51.77544170 207.39252146 -0.40054945 -1.04236075 18.69107752
100_0260_0045.JPG 21.18067651 51.77564939 207.36571560 -0.42377429 -1.03977437 18.55084480
100_0260_0046.JPG 21.18055412 51.77585875 207.38192646 -0.43544786 -1.03072558 18.60279174
100_0260_0047.JPG 21.18043278 51.77606572 207.41716258 -0.39660344 -1.02118723 18.73286965
100_0260_0048.JPG 21.18031045 51.77627476 207.43697558 -0.36896787 -1.05150052 18.88804537
100_0260_0049.JPG 21.18018918 51.77648163 207.42972674 -0.38166962 -1.06158649 19.04449877
100_0260_0050.JPG 21.18006640 51.77669127 207.40201456 -0.42093837 -1.07184245 19.17849488
100_0260_0051.JPG 21.17994544 51.77689906 207.43126429 -0.46834492 -1.12543109 19.48194406
100_0260_0052.JPG 21.17982326 51.77710588 207.49195785 -0.45806231 -1.10123850 19.28787170
100_0260_0053.JPG 21.17969942 51.77731594 207.51837302 -0.52331291 -1.10983534 19.74437548
100_0260_0054.JPG 21.17957709 51.77752301 207.45928703 -0.61463142 -1.10525499 19.92114013
100_0260_0055.JPG 21.17945456 51.77773026 207.39138806 -0.59885156 -1.11974391 20.63532936
100_0260_0056.JPG 21.17933156 51.77794049 207.36626871 -0.62476032 -1.11563425 20.79359220
100_0260_0057.JPG 21.17921069 51.77814806 207.40460447 -0.62517494 -1.10734300 20.86884921
100_0260_0058.JPG 21.17908832 51.77835772 207.39397578 -0.61759956 -1.12132005 21.11332060
100_0260_0059.JPG 21.17896549 51.77856461 207.41231073 -0.59452577 -1.11782614 21.14253523
100_0260_0060.JPG 21.17884419 51.77877304 207.44883219 -0.62187297 -1.13756899 21.54894045
100_0260_0061.JPG 21.17872306 51.77898015 207.51717020 -0.61020111 -1.13010814 21.18691482
100_0260_0062.JPG 21.17863589 51.77913354 207.49307144 -0.61063761 -1.09798186 22.79335620
100_0260_0063.JPG 21.17876381 51.77917342 207.39769668 -1.03995555 -0.14740135 -64.92094833
100_0260_0064.JPG 21.17907815 51.77924409 207.54117122 -0.99435710 0.01847035 -69.84280216
100_0260_0065.JPG 21.17915377 51.77922229 207.35151168 -0.19032696 0.63716863 -142.39245520
100_0260_0066.JPG 21.17924476 51.77907300 207.43037112 0.08491126 0.58300013 -155.76753478
100_0260_0067.JPG 21.17936691 51.77887468 207.53668547 0.20915269 0.63747895 -157.30713341
100_0260_0068.JPG 21.17948860 51.77866508 207.50663216 0.28407837 0.70196144 -157.69529294
100_0260_0069.JPG 21.17960904 51.77845668 207.41286335 0.34384744 0.73979674 -158.00877987
100_0260_0070.JPG 21.17973003 51.77824911 207.42437910 0.37579985 0.78277740 -157.82734844
100_0260_0071.JPG 21.17985152 51.77803907 207.41474938 0.40549041 0.81926306 -157.55795152
100_0260_0072.JPG 21.17997286 51.77783374 207.43781239 0.43263905 0.85397715 -157.91022345
100_0260_0073.JPG 21.18009569 51.77762319 207.46525355 0.50084347 0.89563813 -158.32951572
100_0260_0074.JPG 21.18021660 51.77741597 207.46444731 0.54821351 0.89289909 -157.67824501
100_0260_0075.JPG 21.18034106 51.77720603 207.46784748 0.60346120 0.88278122 -158.10764303
100_0260_0076.JPG 21.18046250 51.77699958 207.39871503 0.60265544 0.88922146 -158.15434732
100_0260_0077.JPG 21.18058582 51.77679147 207.41836678 0.55957368 0.85132916 -158.37682074
100_0260_0078.JPG 21.18070941 51.77658390 207.48875596 0.59413636 0.84519428 -158.67137104
100_0260_0079.JPG 21.18083118 51.77637456 207.43689929 0.64350789 0.85380461 -159.29818572
100_0260_0080.JPG 21.18095060 51.77616685 207.37368350 0.66711565 0.86607081 -158.52443411
100_0260_0081.JPG 21.18107056 51.77596049 207.41223021 0.69551158 0.88672201 -158.51001538
100_0260_0082.JPG 21.18119337 51.77575063 207.44538111 0.64089424 0.87754076 -158.46867328
100_0260_0083.JPG 21.18131499 51.77554512 207.40426988 0.67129680 0.90556866 -158.13092329
100_0260_0084.JPG 21.18143617 51.77533710 207.44655909 0.68503563 0.90217148 -158.42358292
100_0260_0085.JPG 21.18155962 51.77512704 207.43379939 0.67997175 0.90316504 -157.77251452
100_0260_0086.JPG 21.18168040 51.77492042 207.34840199 0.70688617 0.87754135 -157.94516733
100_0260_0087.JPG 21.18180603 51.77471308 207.39915916 0.68463213 0.87598479 -157.96028391
100_0260_0088.JPG 21.18192581 51.77450636 207.40730413 0.70047085 0.88093988 -158.04454111
100_0260_0089.JPG 21.18204850 51.77429750 207.39034496 0.70894578 0.87317936 -157.79077793
100_0260_0090.JPG 21.18216864 51.77409171 207.41265450 0.68512112 0.86708422 -157.51943601
100_0260_0091.JPG 21.18229298 51.77388157 207.43100069 0.66663484 0.86423503 -157.17301082
100_0260_0092.JPG 21.18241282 51.77367399 207.43248427 0.61314423 0.86702417 -157.01500318
100_0260_0093.JPG 21.18253618 51.77346499 207.45538702 0.57570940 0.91827928 -156.73942044
100_0260_0094.JPG 21.18260500 51.77333371 207.40948399 0.65451198 0.89128380 -156.60741849
DJI_0261.JPG 21.18229908 51.77352310 207.30797327 39.89762122 23.73507714 27.15426503
DJI_0262.JPG 21.18206133 51.77372581 207.22223004 40.19849805 22.66959932 25.87611014
DJI_0263.JPG 21.18183355 51.77393251 207.31516918 39.98477739 22.94844737 26.22587854
DJI_0264.JPG 21.18160333 51.77414205 207.38874544 39.92233251 22.86385600 26.15075106
DJI_0265.JPG 21.18138651 51.77434520 207.39375981 39.97905854 22.66406929 25.89675904
DJI_0266.JPG 21.18117172 51.77454829 207.41088213 39.85105691 22.83183527 26.11481787
DJI_0267.JPG 21.18096367 51.77474540 207.37051679 39.86977725 22.79178393 26.01926433
DJI_0268.JPG 21.18074536 51.77495232 207.34138106 39.84491909 22.73766413 25.97234158
DJI_0269.JPG 21.17976795 51.77479887 207.33384018 66.40533352 -15.39781490 -5.93380288
DJI_0270.JPG 21.17976469 51.77479854 207.48976603 63.13630409 -14.56190815 -6.61867798
